0.09
0.142857142857143
0.2
0.2
0.214285714285714
0.35
0.421428571428571
0.5
0.614285714285714
0.685714285714286
0.764285714285714
0.764285714285714
0.85
0.864285714285714
0.9
0.921428571428571
0.942857142857143
0.921428571428571
0.942857142857143
0.942857142857143
0.95
0.928571428571429
0.957142857142857
0.957142857142857
0.95
0.95
0.914285714285714
0.935714285714286
0.921428571428571
0.95
0.935714285714286
0.914285714285714
0.95
0.957142857142857
0.971428571428571
0.985714285714286
0.978571428571429
0.978571428571429
1
1
