0.02
0.0142857142857143
0.0142857142857143
0.0142857142857143
0.0142857142857143
0.0285714285714286
0.0642857142857143
0.0642857142857143
0.05
0.05
0.0571428571428571
0.0785714285714286
0.0928571428571429
0.121428571428571
0.121428571428571
0.178571428571429
0.2
0.257142857142857
0.342857142857143
0.414285714285714
0.442857142857143
0.45
0.542857142857143
0.6
0.628571428571429
0.664285714285714
0.742857142857143
0.757142857142857
0.771428571428571
0.828571428571429
0.928571428571429
0.95
0.971428571428571
0.985714285714286
1
1
1
1
1
1
