0.06
0.0642857142857143
0.0642857142857143
0.0785714285714286
0.114285714285714
0.135714285714286
0.15
0.157142857142857
0.15
0.15
0.142857142857143
0.142857142857143
0.15
0.164285714285714
0.192857142857143
0.2
0.242857142857143
0.314285714285714
0.357142857142857
0.407142857142857
0.371428571428571
0.407142857142857
0.428571428571429
0.442857142857143
0.492857142857143
0.535714285714286
0.514285714285714
0.514285714285714
0.628571428571429
0.65
0.678571428571429
0.728571428571429
0.8
0.828571428571429
0.842857142857143
0.857142857142857
0.835714285714286
0.85
0.878571428571429
0.914285714285714
