0.08
0.15
0.171428571428571
0.207142857142857
0.264285714285714
0.307142857142857
0.314285714285714
0.4
0.385714285714286
0.457142857142857
0.557142857142857
0.542857142857143
0.592857142857143
0.642857142857143
0.671428571428571
0.707142857142857
0.735714285714286
0.728571428571429
0.778571428571429
0.807142857142857
0.807142857142857
0.835714285714286
0.878571428571429
0.871428571428571
0.9
0.907142857142857
0.942857142857143
0.935714285714286
0.957142857142857
0.964285714285714
0.964285714285714
0.992857142857143
1
1
1
1
1
1
1
1
