0.02
0.0357142857142857
0.0214285714285714
0.0285714285714286
0.0714285714285714
0.0785714285714286
0.164285714285714
0.207142857142857
0.235714285714286
0.35
0.464285714285714
0.564285714285714
0.707142857142857
0.778571428571429
0.807142857142857
0.821428571428571
0.864285714285714
0.892857142857143
0.914285714285714
0.935714285714286
0.964285714285714
0.964285714285714
0.95
0.95
0.957142857142857
0.964285714285714
0.95
0.971428571428571
0.964285714285714
0.985714285714286
1
1
1
1
1
1
1
1
1
1
