0.08
0.121428571428571
0.107142857142857
0.135714285714286
0.178571428571429
0.185714285714286
0.228571428571429
0.242857142857143
0.3
0.307142857142857
0.35
0.335714285714286
0.285714285714286
0.321428571428571
0.371428571428571
0.371428571428571
0.378571428571429
0.428571428571429
0.4
0.435714285714286
0.514285714285714
0.521428571428571
0.528571428571429
0.571428571428571
0.485714285714286
0.492857142857143
0.514285714285714
0.614285714285714
0.678571428571429
0.692857142857143
0.771428571428571
0.8
0.814285714285714
0.878571428571429
0.864285714285714
0.878571428571429
0.878571428571429
0.9
0.878571428571429
0.871428571428571
