0.01
0.0357142857142857
0.0357142857142857
0.0714285714285714
0.05
0.0642857142857143
0.05
0.0642857142857143
0.0642857142857143
0.107142857142857
0.142857142857143
0.185714285714286
0.185714285714286
0.271428571428571
0.357142857142857
0.4
0.464285714285714
0.492857142857143
0.528571428571429
0.557142857142857
0.607142857142857
0.635714285714286
0.642857142857143
0.771428571428571
0.8
0.785714285714286
0.814285714285714
0.878571428571429
0.885714285714286
0.9
0.892857142857143
0.9
0.885714285714286
0.857142857142857
0.878571428571429
0.964285714285714
0.957142857142857
0.978571428571429
1
1
