0.02
0.00714285714285714
0.0214285714285714
0.0214285714285714
0.0357142857142857
0.0285714285714286
0.0214285714285714
0.0285714285714286
0.0428571428571429
0.0428571428571429
0.0571428571428571
0.0857142857142857
0.157142857142857
0.192857142857143
0.214285714285714
0.228571428571429
0.214285714285714
0.235714285714286
0.228571428571429
0.242857142857143
0.321428571428571
0.407142857142857
0.478571428571429
0.571428571428571
0.6
0.6
0.642857142857143
0.642857142857143
0.7
0.778571428571429
0.821428571428571
0.885714285714286
0.907142857142857
0.935714285714286
0.942857142857143
0.971428571428571
0.985714285714286
0.992857142857143
0.985714285714286
1
