0.07
0.0357142857142857
0.0785714285714286
0.0785714285714286
0.128571428571429
0.171428571428571
0.2
0.25
0.278571428571429
0.314285714285714
0.407142857142857
0.428571428571429
0.442857142857143
0.464285714285714
0.528571428571429
0.507142857142857
0.45
0.442857142857143
0.457142857142857
0.478571428571429
0.557142857142857
0.585714285714286
0.657142857142857
0.635714285714286
0.671428571428571
0.642857142857143
0.678571428571429
0.692857142857143
0.685714285714286
0.664285714285714
0.657142857142857
0.707142857142857
0.771428571428571
0.814285714285714
0.792857142857143
0.792857142857143
0.807142857142857
0.835714285714286
0.892857142857143
0.921428571428571
