0.05
0.0642857142857143
0.0714285714285714
0.142857142857143
0.157142857142857
0.171428571428571
0.228571428571429
0.242857142857143
0.228571428571429
0.242857142857143
0.264285714285714
0.3
0.342857142857143
0.321428571428571
0.385714285714286
0.4
0.457142857142857
0.507142857142857
0.542857142857143
0.585714285714286
0.65
0.75
0.75
0.807142857142857
0.85
0.864285714285714
0.857142857142857
0.864285714285714
0.835714285714286
0.828571428571429
0.842857142857143
0.871428571428571
0.9
0.928571428571429
0.921428571428571
0.9
0.921428571428571
0.928571428571429
0.9
0.921428571428571
