0.04
0.0428571428571429
0.0928571428571429
0.114285714285714
0.107142857142857
0.128571428571429
0.192857142857143
0.214285714285714
0.257142857142857
0.335714285714286
0.435714285714286
0.514285714285714
0.635714285714286
0.742857142857143
0.835714285714286
0.871428571428571
0.871428571428571
0.9
0.921428571428571
0.971428571428571
0.95
0.928571428571429
0.942857142857143
0.921428571428571
0.957142857142857
0.957142857142857
0.957142857142857
0.928571428571429
0.971428571428571
0.964285714285714
0.992857142857143
1
1
1
1
1
1
1
1
1
