0.08
0.114285714285714
0.107142857142857
0.121428571428571
0.128571428571429
0.164285714285714
0.185714285714286
0.228571428571429
0.214285714285714
0.25
0.228571428571429
0.235714285714286
0.271428571428571
0.321428571428571
0.335714285714286
0.414285714285714
0.428571428571429
0.557142857142857
0.614285714285714
0.692857142857143
0.664285714285714
0.7
0.671428571428571
0.742857142857143
0.771428571428571
0.735714285714286
0.764285714285714
0.771428571428571
0.821428571428571
0.864285714285714
0.871428571428571
0.95
0.95
0.971428571428571
0.992857142857143
1
1
1
1
1
