0.07
0.0785714285714286
0.1
0.0785714285714286
0.142857142857143
0.171428571428571
0.178571428571429
0.192857142857143
0.221428571428571
0.278571428571429
0.35
0.4
0.514285714285714
0.507142857142857
0.571428571428571
0.671428571428571
0.692857142857143
0.707142857142857
0.764285714285714
0.8
0.828571428571429
0.878571428571429
0.914285714285714
0.95
0.971428571428571
0.964285714285714
0.95
0.957142857142857
0.957142857142857
0.978571428571429
0.985714285714286
0.985714285714286
0.978571428571429
0.992857142857143
0.992857142857143
0.992857142857143
1
1
1
1
