0.01
0.0142857142857143
0.00714285714285714
0.00714285714285714
0.00714285714285714
0.0142857142857143
0.0142857142857143
0.00714285714285714
0.0142857142857143
0.0285714285714286
0.0214285714285714
0.0285714285714286
0.0285714285714286
0.0428571428571429
0.0642857142857143
0.0928571428571429
0.0928571428571429
0.0785714285714286
0.0571428571428571
0.0785714285714286
0.107142857142857
0.142857142857143
0.185714285714286
0.192857142857143
0.207142857142857
0.271428571428571
0.3
0.4
0.535714285714286
0.585714285714286
0.685714285714286
0.721428571428571
0.792857142857143
0.814285714285714
0.878571428571429
0.857142857142857
0.857142857142857
0.942857142857143
0.928571428571429
0.921428571428571
