0
0.2
0.218918918918919
0.225675675675676
0.247297297297297
0.27972972972973
0.301351351351351
0.313513513513514
0.37027027027027
0.427027027027027
0.443243243243243
0.481081081081081
0.52972972972973
0.586486486486486
0.621621621621622
0.65
0.644594594594595
0.671621621621622
0.708108108108108
0.737837837837838
0.764864864864865
0.789189189189189
0.817567567567568
0.855405405405405
0.87972972972973
0.868918918918919
0.872972972972973
0.887837837837838
0.908108108108108
0.921621621621622
0.937837837837838
0.947297297297297
0.960810810810811
0.972972972972973
0.968918918918919
0.968918918918919
0.960810810810811
0.974324324324324
0.985135135135135
0.989189189189189
0.991891891891892
0.997297297297297
0.997297297297297
1
1
1
1
1
1
1
1
1
1
1
1
1
1
1
1
1
1
1
1
1
1
1
1
1
1
1
1
1
1
1
1
1
1
1
1
1
1
1
1
1
1
1
1
1
1
1
1
1
1
1
1
