0
0.1
0.12027027027027
0.166216216216216
0.214864864864865
0.266216216216216
0.308108108108108
0.337837837837838
0.395945945945946
0.455405405405405
0.512162162162162
0.55
0.601351351351351
0.702702702702703
0.756756756756757
0.781081081081081
0.825675675675676
0.859459459459459
0.897297297297297
0.921621621621622
0.92972972972973
0.944594594594595
0.956756756756757
0.968918918918919
0.977027027027027
0.989189189189189
0.991891891891892
0.994594594594595
0.998648648648649
0.997297297297297
1
1
1
1
1
1
1
1
1
1
1
1
1
1
1
1
1
1
1
1
1
1
1
1
1
1
1
1
1
1
1
1
1
1
1
1
1
1
1
1
1
1
1
1
1
1
1
1
1
1
1
1
1
1
1
1
1
1
1
1
1
1
1
1
1
