0
0.2
0.232432432432432
0.301351351351351
0.335135135135135
0.402702702702703
0.448648648648649
0.532432432432432
0.566216216216216
0.621621621621622
0.691891891891892
0.748648648648649
0.797297297297297
0.82027027027027
0.864864864864865
0.886486486486487
0.908108108108108
0.932432432432432
0.956756756756757
0.968918918918919
0.972972972972973
0.966216216216216
0.967567567567568
0.962162162162162
0.981081081081081
0.989189189189189
0.991891891891892
0.995945945945946
0.994594594594595
0.994594594594595
0.991891891891892
0.994594594594595
0.994594594594595
0.994594594594595
0.995945945945946
0.998648648648649
1
1
1
1
1
1
1
1
1
1
1
1
1
1
1
1
1
1
1
1
1
1
1
1
1
1
1
1
1
1
1
1
1
1
1
1
1
1
1
1
1
1
1
1
1
1
1
1
1
1
1
1
1
1
1
1
1
1
1
