0
0.3
0.321621621621622
0.32972972972973
0.382432432432432
0.431081081081081
0.497297297297297
0.532432432432432
0.559459459459459
0.62972972972973
0.691891891891892
0.712162162162162
0.754054054054054
0.795945945945946
0.843243243243243
0.87972972972973
0.916216216216216
0.931081081081081
0.935135135135135
0.952702702702703
0.962162162162162
0.958108108108108
0.964864864864865
0.97027027027027
0.971621621621622
0.971621621621622
0.978378378378378
0.97972972972973
0.983783783783784
0.981081081081081
0.987837837837838
0.993243243243243
0.995945945945946
0.997297297297297
0.995945945945946
0.995945945945946
0.995945945945946
1
1
1
1
1
1
1
1
1
1
1
1
1
1
1
1
1
1
1
1
1
1
1
1
1
1
1
1
1
1
1
1
1
1
1
1
1
1
1
1
1
1
1
1
1
1
1
1
1
1
1
1
1
1
1
1
1
1
