0
0.1
0.151351351351351
0.235135135135135
0.4
0.544594594594595
0.685135135135135
0.774324324324324
0.85
0.905405405405405
0.925675675675676
0.958108108108108
0.971621621621622
0.981081081081081
0.986486486486487
0.983783783783784
0.986486486486487
0.994594594594595
0.998648648648649
0.998648648648649
0.997297297297297
0.997297297297297
0.997297297297297
0.995945945945946
0.993243243243243
0.997297297297297
0.998648648648649
1
1
1
1
1
1
1
1
1
1
1
1
1
1
1
1
1
1
1
1
1
1
1
1
1
1
1
1
1
1
1
1
1
1
1
1
1
1
1
1
1
1
1
1
1
1
1
1
1
1
1
1
1
1
1
1
1
1
1
1
1
1
1
1
1
1
1
1
