0
0.5
0.539189189189189
0.554054054054054
0.594594594594595
0.609459459459459
0.701351351351351
0.743243243243243
0.771621621621622
0.8
0.827027027027027
0.827027027027027
0.85
0.890540540540541
0.9
0.924324324324324
0.941891891891892
0.95
0.960810810810811
0.967567567567568
0.974324324324324
0.987837837837838
0.991891891891892
0.991891891891892
0.991891891891892
0.995945945945946
0.995945945945946
0.995945945945946
0.997297297297297
0.998648648648649
0.997297297297297
0.998648648648649
1
1
1
1
1
1
1
1
1
1
1
1
1
1
1
1
1
1
1
1
1
1
1
1
1
1
1
1
1
1
1
1
1
1
1
1
1
1
1
1
1
1
1
1
1
1
1
1
1
1
1
1
1
1
1
1
1
1
1
1
1
1
1
