0
0.3
0.371621621621622
0.483783783783784
0.604054054054054
0.725675675675676
0.794594594594595
0.843243243243243
0.881081081081081
0.898648648648649
0.925675675675676
0.945945945945946
0.956756756756757
0.971621621621622
0.983783783783784
0.990540540540541
0.989189189189189
0.994594594594595
0.995945945945946
0.994594594594595
0.995945945945946
0.997297297297297
0.998648648648649
1
1
1
1
1
1
1
1
1
1
1
1
1
1
1
1
1
1
1
1
1
1
1
1
1
1
1
1
1
1
1
1
1
1
1
1
1
1
1
1
1
1
1
1
1
1
1
1
1
1
1
1
1
1
1
1
1
1
1
1
1
1
1
1
1
1
1
1
1
1
1
1
