0
0.3
0.290540540540541
0.3
0.317567567567568
0.298648648648649
0.293243243243243
0.290540540540541
0.289189189189189
0.312162162162162
0.336486486486486
0.340540540540541
0.32027027027027
0.363513513513514
0.382432432432432
0.416216216216216
0.431081081081081
0.463513513513513
0.516216216216216
0.518918918918919
0.559459459459459
0.562162162162162
0.593243243243243
0.604054054054054
0.554054054054054
0.571621621621622
0.567567567567568
0.605405405405405
0.62972972972973
0.641891891891892
0.666216216216216
0.667567567567568
0.67027027027027
0.662162162162162
0.671621621621622
0.666216216216216
0.659459459459459
0.671621621621622
0.691891891891892
0.713513513513514
0.741891891891892
0.747297297297297
0.771621621621622
0.778378378378378
0.762162162162162
0.77027027027027
0.801351351351351
0.786486486486486
0.793243243243243
0.785135135135135
0.778378378378378
0.774324324324324
0.789189189189189
0.802702702702703
0.802702702702703
0.797297297297297
0.833783783783784
0.841891891891892
0.845945945945946
0.858108108108108
0.866216216216216
0.866216216216216
0.866216216216216
0.878378378378378
0.887837837837838
0.885135135135135
0.895945945945946
0.886486486486487
0.878378378378378
0.885135135135135
0.885135135135135
0.886486486486487
0.905405405405405
0.905405405405405
0.908108108108108
0.922972972972973
0.936486486486486
0.955405405405405
0.966216216216216
0.971621621621622
0.982432432432432
0.989189189189189
0.993243243243243
0.990540540540541
0.994594594594595
0.994594594594595
0.994594594594595
0.994594594594595
0.989189189189189
0.994594594594595
0.994594594594595
0.995945945945946
0.991891891891892
0.991891891891892
0.998648648648649
