0
0.4
0.455405405405405
0.494594594594595
0.532432432432432
0.55
0.597297297297297
0.62027027027027
0.65
0.690540540540541
0.710810810810811
0.751351351351351
0.805405405405405
0.828378378378378
0.852702702702703
0.87027027027027
0.883783783783784
0.9
0.922972972972973
0.939189189189189
0.936486486486486
0.95
0.960810810810811
0.968918918918919
0.962162162162162
0.968918918918919
0.967567567567568
0.963513513513514
0.963513513513514
0.964864864864865
0.97027027027027
0.972972972972973
0.982432432432432
0.983783783783784
0.983783783783784
0.989189189189189
0.994594594594595
0.993243243243243
0.991891891891892
0.989189189189189
0.989189189189189
0.991891891891892
0.997297297297297
0.997297297297297
0.998648648648649
0.995945945945946
0.990540540540541
0.989189189189189
0.990540540540541
0.994594594594595
0.994594594594595
0.993243243243243
0.993243243243243
0.994594594594595
0.991891891891892
0.990540540540541
0.989189189189189
0.993243243243243
0.991891891891892
0.994594594594595
0.998648648648649
0.995945945945946
0.994594594594595
0.998648648648649
1
1
1
1
1
1
1
1
1
1
1
1
1
1
1
1
1
1
1
1
1
1
1
1
1
1
1
1
1
1
1
