0
0.2
0.206756756756757
0.227027027027027
0.266216216216216
0.278378378378378
0.313513513513514
0.354054054054054
0.371621621621622
0.408108108108108
0.433783783783784
0.456756756756757
0.483783783783784
0.539189189189189
0.586486486486486
0.613513513513513
0.678378378378378
0.716216216216216
0.760810810810811
0.805405405405405
0.843243243243243
0.890540540540541
0.921621621621622
0.939189189189189
0.937837837837838
0.948648648648649
0.954054054054054
0.968918918918919
0.975675675675676
0.97972972972973
0.978378378378378
0.983783783783784
0.986486486486487
0.985135135135135
0.994594594594595
0.994594594594595
0.998648648648649
1
1
1
1
1
1
1
1
1
1
1
1
1
1
1
1
1
1
1
1
1
1
1
1
1
1
1
1
1
1
1
1
1
1
1
1
1
1
1
1
1
1
1
1
1
1
1
1
1
1
1
1
1
1
1
1
1
1
