0
0.2
0.236486486486486
0.25
0.277027027027027
0.322972972972973
0.385135135135135
0.413513513513514
0.468918918918919
0.497297297297297
0.483783783783784
0.513513513513513
0.545945945945946
0.590540540540541
0.645945945945946
0.677027027027027
0.713513513513514
0.755405405405405
0.783783783783784
0.812162162162162
0.837837837837838
0.839189189189189
0.852702702702703
0.844594594594595
0.859459459459459
0.871621621621622
0.874324324324324
0.885135135135135
0.897297297297297
0.918918918918919
0.935135135135135
0.944594594594595
0.972972972972973
0.978378378378378
0.981081081081081
0.977027027027027
0.993243243243243
0.993243243243243
0.994594594594595
0.995945945945946
0.998648648648649
0.998648648648649
0.998648648648649
0.995945945945946
0.994594594594595
0.997297297297297
0.998648648648649
0.997297297297297
0.997297297297297
0.995945945945946
0.997297297297297
0.997297297297297
0.998648648648649
0.997297297297297
0.998648648648649
0.994594594594595
0.993243243243243
0.998648648648649
0.998648648648649
0.998648648648649
0.995945945945946
0.995945945945946
0.995945945945946
0.994594594594595
0.995945945945946
0.994594594594595
0.998648648648649
0.997297297297297
1
1
1
1
1
1
1
1
1
1
1
1
1
1
1
1
1
1
1
1
1
1
1
1
1
1
1
