0
0.1
0.124324324324324
0.136486486486486
0.186486486486486
0.224324324324324
0.247297297297297
0.283783783783784
0.294594594594595
0.328378378378378
0.397297297297297
0.386486486486486
0.414864864864865
0.464864864864865
0.512162162162162
0.577027027027027
0.585135135135135
0.618918918918919
0.656756756756757
0.7
0.75
0.783783783783784
0.795945945945946
0.828378378378378
0.848648648648649
0.864864864864865
0.886486486486487
0.9
0.921621621621622
0.931081081081081
0.935135135135135
0.943243243243243
0.943243243243243
0.955405405405405
0.959459459459459
0.963513513513514
0.967567567567568
0.975675675675676
0.972972972972973
0.982432432432432
0.985135135135135
0.986486486486487
0.995945945945946
0.995945945945946
0.998648648648649
1
1
1
1
1
1
1
1
1
1
1
1
1
1
1
1
1
1
1
1
1
1
1
1
1
1
1
1
1
1
1
1
1
1
1
1
1
1
1
1
1
1
1
1
1
1
1
1
1
1
