0
0.2
0.264864864864865
0.317567567567568
0.397297297297297
0.436486486486486
0.536486486486486
0.57972972972973
0.663513513513514
0.725675675675676
0.774324324324324
0.82027027027027
0.855405405405405
0.901351351351351
0.932432432432432
0.948648648648649
0.963513513513514
0.966216216216216
0.975675675675676
0.991891891891892
0.991891891891892
0.990540540540541
0.994594594594595
0.997297297297297
0.997297297297297
0.997297297297297
1
1
1
1
1
1
1
1
1
1
1
1
1
1
1
1
1
1
1
1
1
1
1
1
1
1
1
1
1
1
1
1
1
1
1
1
1
1
1
1
1
1
1
1
1
1
1
1
1
1
1
1
1
1
1
1
1
1
1
1
1
1
1
1
1
1
1
1
1
