0
0.3
0.345945945945946
0.345945945945946
0.383783783783784
0.402702702702703
0.441891891891892
0.487837837837838
0.524324324324324
0.527027027027027
0.547297297297297
0.563513513513514
0.633783783783784
0.666216216216216
0.701351351351351
0.741891891891892
0.768918918918919
0.795945945945946
0.804054054054054
0.798648648648649
0.841891891891892
0.882432432432432
0.883783783783784
0.889189189189189
0.912162162162162
0.894594594594595
0.885135135135135
0.901351351351351
0.891891891891892
0.916216216216216
0.917567567567568
0.939189189189189
0.941891891891892
0.937837837837838
0.932432432432432
0.939189189189189
0.943243243243243
0.952702702702703
0.966216216216216
0.97027027027027
0.974324324324324
0.975675675675676
0.975675675675676
0.977027027027027
0.975675675675676
0.981081081081081
0.987837837837838
0.987837837837838
0.985135135135135
0.983783783783784
0.989189189189189
0.995945945945946
0.997297297297297
0.997297297297297
0.997297297297297
0.998648648648649
1
1
1
1
1
1
1
1
1
1
1
1
1
1
1
1
1
1
1
1
1
1
1
1
1
1
1
1
1
1
1
1
1
1
1
1
1
1
1
