0
0.2
0.214864864864865
0.264864864864865
0.314864864864865
0.333783783783784
0.340540540540541
0.404054054054054
0.452702702702703
0.505405405405405
0.543243243243243
0.594594594594595
0.618918918918919
0.621621621621622
0.659459459459459
0.706756756756757
0.741891891891892
0.786486486486486
0.831081081081081
0.882432432432432
0.895945945945946
0.891891891891892
0.906756756756757
0.92027027027027
0.925675675675676
0.931081081081081
0.941891891891892
0.936486486486486
0.939189189189189
0.95
0.964864864864865
0.960810810810811
0.97027027027027
0.97027027027027
0.974324324324324
0.968918918918919
0.982432432432432
0.991891891891892
0.993243243243243
0.995945945945946
0.997297297297297
0.997297297297297
0.997297297297297
0.998648648648649
1
1
1
1
1
1
1
1
1
1
1
1
1
1
1
1
1
1
1
1
1
1
1
1
1
1
1
1
1
1
1
1
1
1
1
1
1
1
1
1
1
1
1
1
1
1
1
1
1
1
1
