0
0.1
0.109459459459459
0.122972972972973
0.147297297297297
0.181081081081081
0.168918918918919
0.166216216216216
0.201351351351351
0.22972972972973
0.25
0.278378378378378
0.301351351351351
0.312162162162162
0.35
0.35
0.410810810810811
0.441891891891892
0.452702702702703
0.47972972972973
0.489189189189189
0.489189189189189
0.517567567567568
0.536486486486486
0.562162162162162
0.572972972972973
0.598648648648649
0.624324324324324
0.627027027027027
0.658108108108108
0.705405405405405
0.72027027027027
0.741891891891892
0.762162162162162
0.756756756756757
0.762162162162162
0.760810810810811
0.786486486486486
0.793243243243243
0.801351351351351
0.809459459459459
0.809459459459459
0.809459459459459
0.805405405405405
0.82027027027027
0.839189189189189
0.85
0.871621621621622
0.874324324324324
0.885135135135135
0.9
0.895945945945946
0.9
0.908108108108108
0.924324324324324
0.92972972972973
0.936486486486486
0.940540540540541
0.947297297297297
0.947297297297297
0.960810810810811
0.963513513513514
0.968918918918919
0.967567567567568
0.972972972972973
0.966216216216216
0.966216216216216
0.963513513513514
0.959459459459459
0.956756756756757
0.958108108108108
0.966216216216216
0.967567567567568
0.971621621621622
0.983783783783784
0.990540540540541
0.987837837837838
0.982432432432432
0.977027027027027
0.972972972972973
0.974324324324324
0.971621621621622
0.971621621621622
0.978378378378378
0.986486486486487
0.987837837837838
0.994594594594595
0.998648648648649
0.995945945945946
0.991891891891892
0.994594594594595
0.997297297297297
0.998648648648649
1
1
