0
0.5
0.563513513513514
0.622972972972973
0.656756756756757
0.7
0.762162162162162
0.808108108108108
0.844594594594595
0.854054054054054
0.872972972972973
0.889189189189189
0.9
0.917567567567568
0.936486486486486
0.936486486486486
0.954054054054054
0.963513513513514
0.967567567567568
0.978378378378378
0.977027027027027
0.975675675675676
0.975675675675676
0.971621621621622
0.978378378378378
0.982432432432432
0.981081081081081
0.97972972972973
0.982432432432432
0.986486486486487
0.991891891891892
0.993243243243243
0.998648648648649
0.998648648648649
0.998648648648649
0.998648648648649
0.998648648648649
0.998648648648649
0.997297297297297
1
1
1
1
1
1
1
1
1
1
1
1
1
1
1
1
1
1
1
1
1
1
1
1
1
1
1
1
1
1
1
1
1
1
1
1
1
1
1
1
1
1
1
1
1
1
1
1
1
1
1
1
1
1
1
1
