0
0.2
0.235135135135135
0.254054054054054
0.314864864864865
0.363513513513514
0.440540540540541
0.497297297297297
0.594594594594595
0.637837837837838
0.683783783783784
0.739189189189189
0.787837837837838
0.841891891891892
0.858108108108108
0.882432432432432
0.895945945945946
0.932432432432432
0.951351351351351
0.959459459459459
0.968918918918919
0.975675675675676
0.981081081081081
0.990540540540541
0.990540540540541
0.987837837837838
0.993243243243243
0.991891891891892
0.997297297297297
1
1
1
1
1
1
1
1
1
1
1
1
1
1
1
1
1
1
1
1
1
1
1
1
1
1
1
1
1
1
1
1
1
1
1
1
1
1
1
1
1
1
1
1
1
1
1
1
1
1
1
1
1
1
1
1
1
1
1
1
1
1
1
1
1
1
