0
0.4
0.487837837837838
0.581081081081081
0.628378378378378
0.695945945945946
0.763513513513513
0.802702702702703
0.841891891891892
0.877027027027027
0.883783783783784
0.918918918918919
0.948648648648649
0.958108108108108
0.966216216216216
0.975675675675676
0.975675675675676
0.986486486486487
0.989189189189189
0.990540540540541
0.995945945945946
0.997297297297297
1
1
1
1
1
1
1
1
1
1
1
1
1
1
1
1
1
1
1
1
1
1
1
1
1
1
1
1
1
1
1
1
1
1
1
1
1
1
1
1
1
1
1
1
1
1
1
1
1
1
1
1
1
1
1
1
1
1
1
1
1
1
1
1
1
1
1
1
1
1
1
1
1
