0
0.5
0.517567567567568
0.605405405405405
0.697297297297297
0.743243243243243
0.774324324324324
0.809459459459459
0.837837837837838
0.847297297297297
0.852702702702703
0.864864864864865
0.891891891891892
0.932432432432432
0.941891891891892
0.958108108108108
0.959459459459459
0.972972972972973
0.962162162162162
0.977027027027027
0.989189189189189
0.993243243243243
0.997297297297297
0.991891891891892
0.990540540540541
0.998648648648649
0.997297297297297
0.997297297297297
0.997297297297297
0.997297297297297
0.998648648648649
1
1
1
1
1
1
1
1
1
1
1
1
1
1
1
1
1
1
1
1
1
1
1
1
1
1
1
1
1
1
1
1
1
1
1
1
1
1
1
1
1
1
1
1
1
1
1
1
1
1
1
1
1
1
1
1
1
1
1
1
1
1
1
1
