0
0.1
0.122972972972973
0.175675675675676
0.271621621621622
0.401351351351351
0.531081081081081
0.645945945945946
0.714864864864865
0.789189189189189
0.848648648648649
0.905405405405405
0.936486486486486
0.95
0.959459459459459
0.972972972972973
0.974324324324324
0.978378378378378
0.983783783783784
0.994594594594595
0.997297297297297
0.993243243243243
0.990540540540541
0.991891891891892
0.997297297297297
0.997297297297297
1
1
1
1
1
1
1
1
1
1
1
1
1
1
1
1
1
1
1
1
1
1
1
1
1
1
1
1
1
1
1
1
1
1
1
1
1
1
1
1
1
1
1
1
1
1
1
1
1
1
1
1
1
1
1
1
1
1
1
1
1
1
1
1
1
1
1
1
1
