0
0.5
0.513513513513513
0.539189189189189
0.582432432432432
0.598648648648649
0.616216216216216
0.656756756756757
0.686486486486486
0.710810810810811
0.727027027027027
0.743243243243243
0.737837837837838
0.739189189189189
0.791891891891892
0.794594594594595
0.813513513513514
0.828378378378378
0.841891891891892
0.863513513513513
0.905405405405405
0.898648648648649
0.92027027027027
0.912162162162162
0.931081081081081
0.92972972972973
0.941891891891892
0.951351351351351
0.939189189189189
0.947297297297297
0.97027027027027
0.968918918918919
0.971621621621622
0.977027027027027
0.989189189189189
0.989189189189189
0.995945945945946
0.997297297297297
1
1
1
1
1
1
1
1
1
1
1
1
1
1
1
1
1
1
1
1
1
1
1
1
1
1
1
1
1
1
1
1
1
1
1
1
1
1
1
1
1
1
1
1
1
1
1
1
1
1
1
1
1
1
1
1
1
