0
0.4
0.413513513513514
0.447297297297297
0.483783783783784
0.506756756756757
0.524324324324324
0.552702702702703
0.593243243243243
0.614864864864865
0.651351351351351
0.67027027027027
0.708108108108108
0.706756756756757
0.727027027027027
0.758108108108108
0.814864864864865
0.817567567567568
0.835135135135135
0.832432432432432
0.843243243243243
0.862162162162162
0.87027027027027
0.868918918918919
0.877027027027027
0.890540540540541
0.908108108108108
0.913513513513514
0.906756756756757
0.894594594594595
0.886486486486487
0.895945945945946
0.912162162162162
0.914864864864865
0.947297297297297
0.952702702702703
0.962162162162162
0.967567567567568
0.966216216216216
0.974324324324324
0.977027027027027
0.978378378378378
0.977027027027027
0.975675675675676
0.986486486486487
0.986486486486487
0.990540540540541
0.991891891891892
0.994594594594595
0.995945945945946
0.995945945945946
0.998648648648649
1
1
1
1
1
1
1
1
1
1
1
1
1
1
1
1
1
1
1
1
1
1
1
1
1
1
1
1
1
1
1
1
1
1
1
1
1
1
1
1
1
1
1
