0
0.4
0.517567567567568
0.635135135135135
0.745945945945946
0.831081081081081
0.908108108108108
0.960810810810811
0.974324324324324
0.989189189189189
0.993243243243243
0.994594594594595
0.995945945945946
0.995945945945946
0.995945945945946
0.994594594594595
0.994594594594595
0.997297297297297
0.998648648648649
0.997297297297297
0.997297297297297
0.998648648648649
0.998648648648649
0.998648648648649
1
1
1
1
1
1
1
1
1
1
1
1
1
1
1
1
1
1
1
1
1
1
1
1
1
1
1
1
1
1
1
1
1
1
1
1
1
1
1
1
1
1
1
1
1
1
1
1
1
1
1
1
1
1
1
1
1
1
1
1
1
1
1
1
1
1
1
1
1
1
1
