0
0.1
0.122972972972973
0.15
0.164864864864865
0.193243243243243
0.2
0.209459459459459
0.202702702702703
0.225675675675676
0.25
0.255405405405405
0.285135135135135
0.274324324324324
0.263513513513513
0.287837837837838
0.32972972972973
0.337837837837838
0.339189189189189
0.347297297297297
0.356756756756757
0.381081081081081
0.394594594594595
0.401351351351351
0.4
0.401351351351351
0.389189189189189
0.378378378378378
0.397297297297297
0.45
0.464864864864865
0.501351351351351
0.504054054054054
0.525675675675676
0.537837837837838
0.52972972972973
0.574324324324324
0.57027027027027
0.612162162162162
0.633783783783784
0.658108108108108
0.67972972972973
0.698648648648649
0.744594594594595
0.763513513513513
0.793243243243243
0.805405405405405
0.824324324324324
0.813513513513514
0.804054054054054
0.786486486486486
0.781081081081081
0.782432432432432
0.766216216216216
0.771621621621622
0.787837837837838
0.825675675675676
0.836486486486486
0.843243243243243
0.859459459459459
0.847297297297297
0.864864864864865
0.877027027027027
0.87972972972973
0.897297297297297
0.918918918918919
0.925675675675676
0.931081081081081
0.937837837837838
0.925675675675676
0.925675675675676
0.933783783783784
0.937837837837838
0.943243243243243
0.951351351351351
0.945945945945946
0.959459459459459
0.972972972972973
0.964864864864865
0.977027027027027
0.982432432432432
0.983783783783784
0.977027027027027
0.983783783783784
0.985135135135135
0.978378378378378
0.990540540540541
0.991891891891892
0.994594594594595
0.993243243243243
0.997297297297297
0.997297297297297
0.995945945945946
0.995945945945946
0.997297297297297
