0
0.1
0.105405405405405
0.122972972972973
0.139189189189189
0.143243243243243
0.160810810810811
0.189189189189189
0.222972972972973
0.240540540540541
0.285135135135135
0.314864864864865
0.372972972972973
0.410810810810811
0.444594594594595
0.463513513513513
0.52027027027027
0.564864864864865
0.589189189189189
0.605405405405405
0.640540540540541
0.664864864864865
0.701351351351351
0.744594594594595
0.781081081081081
0.814864864864865
0.847297297297297
0.875675675675676
0.893243243243243
0.858108108108108
0.877027027027027
0.893243243243243
0.916216216216216
0.940540540540541
0.95
0.964864864864865
0.974324324324324
0.966216216216216
0.963513513513514
0.971621621621622
0.97972972972973
0.985135135135135
0.990540540540541
0.987837837837838
0.991891891891892
0.994594594594595
0.998648648648649
1
1
1
1
1
1
1
1
1
1
1
1
1
1
1
1
1
1
1
1
1
1
1
1
1
1
1
1
1
1
1
1
1
1
1
1
1
1
1
1
1
1
1
1
1
1
1
1
