0
0.2
0.228378378378378
0.278378378378378
0.313513513513514
0.366216216216216
0.428378378378378
0.501351351351351
0.558108108108108
0.62972972972973
0.701351351351351
0.727027027027027
0.785135135135135
0.801351351351351
0.840540540540541
0.87027027027027
0.898648648648649
0.921621621621622
0.932432432432432
0.951351351351351
0.966216216216216
0.972972972972973
0.97027027027027
0.985135135135135
0.990540540540541
0.991891891891892
0.994594594594595
0.995945945945946
0.995945945945946
0.997297297297297
1
1
1
1
1
1
1
1
1
1
1
1
1
1
1
1
1
1
1
1
1
1
1
1
1
1
1
1
1
1
1
1
1
1
1
1
1
1
1
1
1
1
1
1
1
1
1
1
1
1
1
1
1
1
1
1
1
1
1
1
1
1
1
1
1
