0
0.1
0.135135135135135
0.156756756756757
0.193243243243243
0.217567567567568
0.263513513513513
0.27972972972973
0.308108108108108
0.368918918918919
0.397297297297297
0.440540540540541
0.486486486486487
0.517567567567568
0.545945945945946
0.581081081081081
0.627027027027027
0.67027027027027
0.678378378378378
0.706756756756757
0.731081081081081
0.778378378378378
0.814864864864865
0.848648648648649
0.874324324324324
0.890540540540541
0.897297297297297
0.908108108108108
0.932432432432432
0.948648648648649
0.952702702702703
0.967567567567568
0.977027027027027
0.978378378378378
0.989189189189189
0.994594594594595
0.993243243243243
0.993243243243243
0.994594594594595
0.998648648648649
0.997297297297297
0.997297297297297
0.997297297297297
0.994594594594595
0.995945945945946
0.994594594594595
0.997297297297297
0.994594594594595
0.994594594594595
0.998648648648649
1
1
1
1
1
1
1
1
1
1
1
1
1
1
1
1
1
1
1
1
1
1
1
1
1
1
1
1
1
1
1
1
1
1
1
1
1
1
1
1
1
1
1
1
1
