0
0.2
0.228378378378378
0.251351351351351
0.313513513513514
0.402702702702703
0.510810810810811
0.571621621621622
0.675675675675676
0.772972972972973
0.848648648648649
0.891891891891892
0.936486486486486
0.95
0.962162162162162
0.974324324324324
0.971621621621622
0.972972972972973
0.978378378378378
0.985135135135135
0.986486486486487
0.993243243243243
0.987837837837838
0.990540540540541
0.993243243243243
0.995945945945946
0.997297297297297
0.998648648648649
0.998648648648649
0.995945945945946
0.998648648648649
1
1
1
1
1
1
1
1
1
1
1
1
1
1
1
1
1
1
1
1
1
1
1
1
1
1
1
1
1
1
1
1
1
1
1
1
1
1
1
1
1
1
1
1
1
1
1
1
1
1
1
1
1
1
1
1
1
1
1
1
1
1
1
1
