0
0.3
0.332432432432432
0.364864864864865
0.387837837837838
0.402702702702703
0.477027027027027
0.512162162162162
0.562162162162162
0.564864864864865
0.571621621621622
0.610810810810811
0.627027027027027
0.658108108108108
0.686486486486486
0.718918918918919
0.704054054054054
0.739189189189189
0.756756756756757
0.756756756756757
0.785135135135135
0.782432432432432
0.785135135135135
0.798648648648649
0.817567567567568
0.833783783783784
0.821621621621622
0.843243243243243
0.839189189189189
0.845945945945946
0.881081081081081
0.862162162162162
0.87972972972973
0.868918918918919
0.859459459459459
0.891891891891892
0.910810810810811
0.902702702702703
0.910810810810811
0.924324324324324
0.940540540540541
0.945945945945946
0.966216216216216
0.971621621621622
0.97027027027027
0.968918918918919
0.975675675675676
0.982432432432432
0.989189189189189
0.993243243243243
0.989189189189189
0.987837837837838
0.987837837837838
0.987837837837838
0.987837837837838
0.990540540540541
0.997297297297297
0.998648648648649
0.997297297297297
0.997297297297297
0.997297297297297
0.998648648648649
0.994594594594595
0.993243243243243
0.993243243243243
0.995945945945946
0.994594594594595
0.995945945945946
0.998648648648649
0.998648648648649
0.998648648648649
0.998648648648649
0.998648648648649
1
1
1
1
1
1
1
1
1
1
1
1
1
1
1
1
1
1
1
1
1
1
