0
0.2
0.221621621621622
0.235135135135135
0.255405405405405
0.274324324324324
0.302702702702703
0.3
0.294594594594595
0.286486486486487
0.314864864864865
0.328378378378378
0.371621621621622
0.395945945945946
0.381081081081081
0.389189189189189
0.387837837837838
0.386486486486486
0.385135135135135
0.394594594594595
0.437837837837838
0.458108108108108
0.468918918918919
0.468918918918919
0.475675675675676
0.498648648648649
0.518918918918919
0.52972972972973
0.531081081081081
0.554054054054054
0.571621621621622
0.597297297297297
0.632432432432432
0.654054054054054
0.65
0.675675675675676
0.674324324324324
0.698648648648649
0.740540540540541
0.72027027027027
0.708108108108108
0.736486486486487
0.756756756756757
0.797297297297297
0.802702702702703
0.82027027027027
0.845945945945946
0.848648648648649
0.845945945945946
0.840540540540541
0.848648648648649
0.833783783783784
0.862162162162162
0.860810810810811
0.874324324324324
0.883783783783784
0.906756756756757
0.913513513513514
0.92027027027027
0.932432432432432
0.92972972972973
0.939189189189189
0.947297297297297
0.947297297297297
0.95
0.963513513513514
0.975675675675676
0.982432432432432
0.987837837837838
0.991891891891892
0.990540540540541
0.986486486486487
0.986486486486487
0.989189189189189
0.994594594594595
0.995945945945946
0.995945945945946
0.994594594594595
0.993243243243243
0.989189189189189
0.993243243243243
0.991891891891892
0.995945945945946
0.995945945945946
0.993243243243243
0.991891891891892
0.995945945945946
1
1
1
1
1
1
1
1
