0
0.1
0.101351351351351
0.108108108108108
0.133783783783784
0.148648648648649
0.133783783783784
0.164864864864865
0.195945945945946
0.201351351351351
0.209459459459459
0.218918918918919
0.233783783783784
0.239189189189189
0.286486486486487
0.341891891891892
0.363513513513514
0.410810810810811
0.410810810810811
0.432432432432432
0.456756756756757
0.477027027027027
0.522972972972973
0.541891891891892
0.560810810810811
0.608108108108108
0.672972972972973
0.695945945945946
0.716216216216216
0.739189189189189
0.751351351351351
0.795945945945946
0.812162162162162
0.818918918918919
0.831081081081081
0.840540540540541
0.851351351351351
0.867567567567568
0.889189189189189
0.889189189189189
0.916216216216216
0.932432432432432
0.948648648648649
0.959459459459459
0.963513513513514
0.958108108108108
0.97027027027027
0.978378378378378
0.977027027027027
0.977027027027027
0.975675675675676
0.974324324324324
0.981081081081081
0.985135135135135
0.986486486486487
0.995945945945946
0.995945945945946
0.998648648648649
0.998648648648649
0.998648648648649
0.995945945945946
0.995945945945946
0.998648648648649
0.998648648648649
0.997297297297297
0.993243243243243
0.995945945945946
0.994594594594595
1
1
1
1
1
1
1
1
1
1
1
1
1
1
1
1
1
1
1
1
1
1
1
1
1
1
1
