0
0.3
0.321621621621622
0.37972972972973
0.431081081081081
0.454054054054054
0.495945945945946
0.528378378378378
0.528378378378378
0.517567567567568
0.533783783783784
0.595945945945946
0.62972972972973
0.651351351351351
0.664864864864865
0.689189189189189
0.740540540540541
0.743243243243243
0.751351351351351
0.782432432432432
0.816216216216216
0.82027027027027
0.817567567567568
0.812162162162162
0.835135135135135
0.866216216216216
0.897297297297297
0.904054054054054
0.92972972972973
0.947297297297297
0.941891891891892
0.951351351351351
0.954054054054054
0.956756756756757
0.977027027027027
0.974324324324324
0.97027027027027
0.971621621621622
0.967567567567568
0.959459459459459
0.963513513513514
0.967567567567568
0.97972972972973
0.982432432432432
0.990540540540541
0.990540540540541
0.995945945945946
0.998648648648649
1
1
1
1
1
1
1
1
1
1
1
1
1
1
1
1
1
1
1
1
1
1
1
1
1
1
1
1
1
1
1
1
1
1
1
1
1
1
1
1
1
1
1
1
1
1
1
