0
0.5
0.527027027027027
0.540540540540541
0.531081081081081
0.554054054054054
0.571621621621622
0.57027027027027
0.590540540540541
0.609459459459459
0.612162162162162
0.602702702702703
0.609459459459459
0.617567567567568
0.65
0.618918918918919
0.632432432432432
0.645945945945946
0.652702702702703
0.652702702702703
0.633783783783784
0.610810810810811
0.618918918918919
0.636486486486487
0.645945945945946
0.621621621621622
0.632432432432432
0.627027027027027
0.654054054054054
0.635135135135135
0.663513513513514
0.681081081081081
0.714864864864865
0.722972972972973
0.737837837837838
0.717567567567568
0.72027027027027
0.72972972972973
0.725675675675676
0.725675675675676
0.747297297297297
0.735135135135135
0.775675675675676
0.77027027027027
0.791891891891892
0.768918918918919
0.787837837837838
0.77972972972973
0.804054054054054
0.814864864864865
0.835135135135135
0.841891891891892
0.867567567567568
0.863513513513513
0.859459459459459
0.883783783783784
0.889189189189189
0.889189189189189
0.890540540540541
0.901351351351351
0.902702702702703
0.9
0.913513513513514
0.917567567567568
0.922972972972973
0.92972972972973
0.924324324324324
0.939189189189189
0.945945945945946
0.944594594594595
0.955405405405405
0.971621621621622
0.972972972972973
0.97027027027027
0.981081081081081
0.983783783783784
0.986486486486487
0.986486486486487
0.987837837837838
0.987837837837838
0.983783783783784
0.991891891891892
0.995945945945946
0.994594594594595
0.993243243243243
0.995945945945946
0.997297297297297
1
1
1
1
1
1
1
1
