0
0.1
0.114864864864865
0.147297297297297
0.164864864864865
0.164864864864865
0.185135135135135
0.2
0.210810810810811
0.236486486486486
0.256756756756757
0.283783783783784
0.316216216216216
0.331081081081081
0.32027027027027
0.344594594594595
0.377027027027027
0.37972972972973
0.417567567567568
0.444594594594595
0.455405405405405
0.448648648648649
0.460810810810811
0.487837837837838
0.478378378378378
0.504054054054054
0.536486486486486
0.568918918918919
0.585135135135135
0.609459459459459
0.617567567567568
0.662162162162162
0.685135135135135
0.718918918918919
0.72027027027027
0.739189189189189
0.708108108108108
0.737837837837838
0.754054054054054
0.787837837837838
0.786486486486486
0.794594594594595
0.837837837837838
0.866216216216216
0.881081081081081
0.890540540540541
0.902702702702703
0.901351351351351
0.92027027027027
0.947297297297297
0.958108108108108
0.960810810810811
0.972972972972973
0.97027027027027
0.974324324324324
0.97972972972973
0.981081081081081
0.981081081081081
0.989189189189189
0.987837837837838
0.987837837837838
0.993243243243243
0.991891891891892
0.991891891891892
0.993243243243243
0.993243243243243
0.994594594594595
0.997297297297297
0.995945945945946
0.995945945945946
0.994594594594595
0.995945945945946
0.994594594594595
0.995945945945946
0.997297297297297
0.997297297297297
0.998648648648649
1
1
1
1
1
1
1
1
1
1
1
1
1
1
1
1
1
1
