0
0.3
0.318918918918919
0.378378378378378
0.404054054054054
0.433783783783784
0.466216216216216
0.474324324324324
0.490540540540541
0.551351351351351
0.612162162162162
0.627027027027027
0.641891891891892
0.636486486486487
0.698648648648649
0.718918918918919
0.752702702702703
0.745945945945946
0.791891891891892
0.810810810810811
0.827027027027027
0.837837837837838
0.85
0.867567567567568
0.883783783783784
0.902702702702703
0.881081081081081
0.902702702702703
0.931081081081081
0.932432432432432
0.922972972972973
0.909459459459459
0.9
0.908108108108108
0.897297297297297
0.905405405405405
0.924324324324324
0.936486486486486
0.931081081081081
0.933783783783784
0.947297297297297
0.935135135135135
0.948648648648649
0.933783783783784
0.917567567567568
0.939189189189189
0.940540540540541
0.963513513513514
0.967567567567568
0.968918918918919
0.963513513513514
0.955405405405405
0.954054054054054
0.963513513513514
0.962162162162162
0.960810810810811
0.959459459459459
0.948648648648649
0.95
0.958108108108108
0.959459459459459
0.966216216216216
0.968918918918919
0.978378378378378
0.981081081081081
0.986486486486487
0.985135135135135
0.987837837837838
0.985135135135135
0.986486486486487
0.989189189189189
0.991891891891892
0.995945945945946
0.993243243243243
0.997297297297297
0.995945945945946
0.997297297297297
0.998648648648649
0.998648648648649
1
1
1
1
1
1
1
1
1
1
1
1
1
1
1
1
