0
0.2
0.233783783783784
0.236486486486486
0.243243243243243
0.256756756756757
0.254054054054054
0.239189189189189
0.247297297297297
0.241891891891892
0.252702702702703
0.255405405405405
0.275675675675676
0.290540540540541
0.289189189189189
0.339189189189189
0.359459459459459
0.386486486486486
0.387837837837838
0.390540540540541
0.424324324324324
0.445945945945946
0.47972972972973
0.466216216216216
0.47972972972973
0.493243243243243
0.528378378378378
0.544594594594595
0.575675675675676
0.610810810810811
0.610810810810811
0.618918918918919
0.624324324324324
0.645945945945946
0.655405405405405
0.681081081081081
0.691891891891892
0.724324324324324
0.722972972972973
0.743243243243243
0.766216216216216
0.763513513513513
0.77027027027027
0.786486486486486
0.810810810810811
0.82027027027027
0.805405405405405
0.832432432432432
0.848648648648649
0.87972972972973
0.891891891891892
0.87972972972973
0.875675675675676
0.875675675675676
0.886486486486487
0.87972972972973
0.883783783783784
0.894594594594595
0.891891891891892
0.874324324324324
0.891891891891892
0.885135135135135
0.885135135135135
0.905405405405405
0.914864864864865
0.910810810810811
0.916216216216216
0.92027027027027
0.925675675675676
0.937837837837838
0.941891891891892
0.945945945945946
0.935135135135135
0.944594594594595
0.966216216216216
0.968918918918919
0.97972972972973
0.975675675675676
0.968918918918919
0.981081081081081
0.975675675675676
0.978378378378378
0.977027027027027
0.986486486486487
0.990540540540541
0.989189189189189
0.990540540540541
0.989189189189189
0.989189189189189
0.993243243243243
0.990540540540541
0.993243243243243
0.995945945945946
0.998648648648649
0.998648648648649
