0
0.2
0.212162162162162
0.22027027027027
0.232432432432432
0.252702702702703
0.264864864864865
0.301351351351351
0.316216216216216
0.322972972972973
0.306756756756757
0.281081081081081
0.286486486486487
0.294594594594595
0.3
0.304054054054054
0.32027027027027
0.331081081081081
0.336486486486486
0.344594594594595
0.344594594594595
0.352702702702703
0.333783783783784
0.333783783783784
0.336486486486486
0.351351351351351
0.359459459459459
0.366216216216216
0.374324324324324
0.412162162162162
0.433783783783784
0.478378378378378
0.475675675675676
0.52027027027027
0.548648648648649
0.602702702702703
0.606756756756757
0.632432432432432
0.674324324324324
0.686486486486486
0.682432432432432
0.7
0.687837837837838
0.689189189189189
0.691891891891892
0.662162162162162
0.682432432432432
0.697297297297297
0.717567567567568
0.755405405405405
0.775675675675676
0.791891891891892
0.809459459459459
0.845945945945946
0.863513513513513
0.867567567567568
0.891891891891892
0.881081081081081
0.87027027027027
0.893243243243243
0.909459459459459
0.931081081081081
0.940540540540541
0.954054054054054
0.952702702702703
0.947297297297297
0.962162162162162
0.97027027027027
0.983783783783784
0.975675675675676
0.985135135135135
0.993243243243243
0.995945945945946
0.997297297297297
0.997297297297297
1
1
1
1
1
1
1
1
1
1
1
1
1
1
1
1
1
1
1
1
