0
0.2
0.259459459459459
0.301351351351351
0.348648648648649
0.409459459459459
0.47027027027027
0.487837837837838
0.537837837837838
0.57027027027027
0.640540540540541
0.713513513513514
0.754054054054054
0.805405405405405
0.845945945945946
0.851351351351351
0.882432432432432
0.913513513513514
0.92972972972973
0.951351351351351
0.952702702702703
0.966216216216216
0.978378378378378
0.97972972972973
0.974324324324324
0.981081081081081
0.987837837837838
0.990540540540541
0.989189189189189
0.993243243243243
0.995945945945946
1
1
1
1
1
1
1
1
1
1
1
1
1
1
1
1
1
1
1
1
1
1
1
1
1
1
1
1
1
1
1
1
1
1
1
1
1
1
1
1
1
1
1
1
1
1
1
1
1
1
1
1
1
1
1
1
1
1
1
1
1
1
1
1
