0
0.3
0.368918918918919
0.42972972972973
0.477027027027027
0.558108108108108
0.609459459459459
0.659459459459459
0.698648648648649
0.72027027027027
0.777027027027027
0.8
0.863513513513513
0.874324324324324
0.868918918918919
0.908108108108108
0.918918918918919
0.943243243243243
0.951351351351351
0.966216216216216
0.97972972972973
0.986486486486487
0.989189189189189
0.990540540540541
0.997297297297297
1
1
1
1
1
1
1
1
1
1
1
1
1
1
1
1
1
1
1
1
1
1
1
1
1
1
1
1
1
1
1
1
1
1
1
1
1
1
1
1
1
1
1
1
1
1
1
1
1
1
1
1
1
1
1
1
1
1
1
1
1
1
1
1
1
1
1
1
1
1
