0
0.1
0.116216216216216
0.141891891891892
0.139189189189189
0.175675675675676
0.168918918918919
0.198648648648649
0.22972972972973
0.27972972972973
0.328378378378378
0.382432432432432
0.447297297297297
0.516216216216216
0.545945945945946
0.604054054054054
0.62027027027027
0.636486486486487
0.690540540540541
0.718918918918919
0.743243243243243
0.772972972972973
0.793243243243243
0.802702702702703
0.817567567567568
0.840540540540541
0.854054054054054
0.868918918918919
0.887837837837838
0.906756756756757
0.914864864864865
0.931081081081081
0.933783783783784
0.941891891891892
0.958108108108108
0.971621621621622
0.971621621621622
0.971621621621622
0.972972972972973
0.978378378378378
0.986486486486487
0.989189189189189
0.985135135135135
0.987837837837838
0.990540540540541
0.994594594594595
0.997297297297297
0.997297297297297
0.998648648648649
0.998648648648649
1
1
1
1
1
1
1
1
1
1
1
1
1
1
1
1
1
1
1
1
1
1
1
1
1
1
1
1
1
1
1
1
1
1
1
1
1
1
1
1
1
1
1
1
1
