0
0.2
0.197297297297297
0.193243243243243
0.213513513513514
0.244594594594595
0.237837837837838
0.27972972972973
0.295945945945946
0.317567567567568
0.340540540540541
0.313513513513514
0.314864864864865
0.340540540540541
0.348648648648649
0.37027027027027
0.393243243243243
0.418918918918919
0.443243243243243
0.474324324324324
0.481081081081081
0.491891891891892
0.494594594594595
0.504054054054054
0.495945945945946
0.518918918918919
0.547297297297297
0.551351351351351
0.563513513513514
0.593243243243243
0.610810810810811
0.616216216216216
0.62027027027027
0.622972972972973
0.636486486486487
0.643243243243243
0.664864864864865
0.693243243243243
0.689189189189189
0.698648648648649
0.685135135135135
0.697297297297297
0.67972972972973
0.712162162162162
0.739189189189189
0.759459459459459
0.763513513513513
0.771621621621622
0.778378378378378
0.808108108108108
0.809459459459459
0.824324324324324
0.847297297297297
0.852702702702703
0.871621621621622
0.87972972972973
0.902702702702703
0.887837837837838
0.9
0.904054054054054
0.905405405405405
0.931081081081081
0.927027027027027
0.922972972972973
0.925675675675676
0.92027027027027
0.914864864864865
0.922972972972973
0.928378378378378
0.92972972972973
0.936486486486486
0.925675675675676
0.924324324324324
0.918918918918919
0.927027027027027
0.940540540540541
0.945945945945946
0.952702702702703
0.958108108108108
0.955405405405405
0.944594594594595
0.955405405405405
0.955405405405405
0.974324324324324
0.971621621621622
0.982432432432432
0.97972972972973
0.991891891891892
0.993243243243243
0.998648648648649
1
1
1
1
1
