0
0.3
0.312162162162162
0.335135135135135
0.362162162162162
0.363513513513514
0.347297297297297
0.367567567567568
0.378378378378378
0.363513513513514
0.368918918918919
0.383783783783784
0.431081081081081
0.441891891891892
0.485135135135135
0.509459459459459
0.558108108108108
0.577027027027027
0.587837837837838
0.610810810810811
0.645945945945946
0.694594594594595
0.709459459459459
0.691891891891892
0.708108108108108
0.718918918918919
0.747297297297297
0.740540540540541
0.717567567567568
0.704054054054054
0.728378378378378
0.716216216216216
0.724324324324324
0.752702702702703
0.77027027027027
0.808108108108108
0.824324324324324
0.848648648648649
0.859459459459459
0.863513513513513
0.867567567567568
0.891891891891892
0.909459459459459
0.905405405405405
0.921621621621622
0.936486486486486
0.922972972972973
0.92027027027027
0.922972972972973
0.931081081081081
0.924324324324324
0.933783783783784
0.943243243243243
0.945945945945946
0.936486486486486
0.943243243243243
0.941891891891892
0.947297297297297
0.958108108108108
0.952702702702703
0.947297297297297
0.955405405405405
0.967567567567568
0.963513513513514
0.972972972972973
0.97972972972973
0.982432432432432
0.983783783783784
0.987837837837838
0.987837837837838
0.978378378378378
0.972972972972973
0.974324324324324
0.974324324324324
0.985135135135135
0.987837837837838
0.985135135135135
0.983783783783784
0.977027027027027
0.975675675675676
0.985135135135135
0.982432432432432
0.990540540540541
0.990540540540541
0.993243243243243
0.990540540540541
0.991891891891892
0.989189189189189
0.997297297297297
1
1
1
1
1
1
