0
0.1
0.117567567567568
0.124324324324324
0.159459459459459
0.198648648648649
0.254054054054054
0.314864864864865
0.371621621621622
0.416216216216216
0.467567567567568
0.527027027027027
0.560810810810811
0.586486486486486
0.639189189189189
0.667567567567568
0.694594594594595
0.698648648648649
0.747297297297297
0.793243243243243
0.824324324324324
0.862162162162162
0.890540540540541
0.913513513513514
0.927027027027027
0.940540540540541
0.955405405405405
0.962162162162162
0.963513513513514
0.97027027027027
0.977027027027027
0.974324324324324
0.974324324324324
0.981081081081081
0.990540540540541
0.989189189189189
0.997297297297297
0.997297297297297
0.995945945945946
0.995945945945946
0.997297297297297
0.997297297297297
0.998648648648649
0.998648648648649
0.995945945945946
0.994594594594595
0.991891891891892
0.994594594594595
0.995945945945946
0.995945945945946
0.998648648648649
0.997297297297297
1
1
1
1
1
1
1
1
1
1
1
1
1
1
1
1
1
1
1
1
1
1
1
1
1
1
1
1
1
1
1
1
1
1
1
1
1
1
1
1
1
1
1
