0
0.5
0.527027027027027
0.551351351351351
0.582432432432432
0.577027027027027
0.558108108108108
0.566216216216216
0.6
0.631081081081081
0.618918918918919
0.605405405405405
0.647297297297297
0.67972972972973
0.666216216216216
0.651351351351351
0.651351351351351
0.664864864864865
0.662162162162162
0.675675675675676
0.683783783783784
0.698648648648649
0.681081081081081
0.693243243243243
0.717567567567568
0.735135135135135
0.737837837837838
0.744594594594595
0.768918918918919
0.782432432432432
0.817567567567568
0.832432432432432
0.839189189189189
0.852702702702703
0.847297297297297
0.860810810810811
0.871621621621622
0.877027027027027
0.887837837837838
0.863513513513513
0.882432432432432
0.87027027027027
0.886486486486487
0.890540540540541
0.9
0.909459459459459
0.912162162162162
0.905405405405405
0.936486486486486
0.937837837837838
0.935135135135135
0.927027027027027
0.945945945945946
0.944594594594595
0.940540540540541
0.95
0.952702702702703
0.960810810810811
0.967567567567568
0.974324324324324
0.975675675675676
0.975675675675676
0.972972972972973
0.968918918918919
0.971621621621622
0.975675675675676
0.977027027027027
0.974324324324324
0.972972972972973
0.974324324324324
0.977027027027027
0.97972972972973
0.991891891891892
0.991891891891892
0.993243243243243
0.994594594594595
0.995945945945946
0.998648648648649
0.997297297297297
0.997297297297297
0.998648648648649
0.998648648648649
1
1
1
1
1
1
1
1
1
1
1
1
1
