0
0.5
0.513513513513513
0.591891891891892
0.672972972972973
0.714864864864865
0.759459459459459
0.810810810810811
0.854054054054054
0.878378378378378
0.890540540540541
0.904054054054054
0.918918918918919
0.928378378378378
0.937837837837838
0.95
0.958108108108108
0.974324324324324
0.978378378378378
0.983783783783784
0.997297297297297
0.998648648648649
0.997297297297297
0.993243243243243
0.991891891891892
0.987837837837838
0.991891891891892
0.993243243243243
0.989189189189189
0.994594594594595
0.995945945945946
0.997297297297297
0.998648648648649
0.998648648648649
1
1
1
1
1
1
1
1
1
1
1
1
1
1
1
1
1
1
1
1
1
1
1
1
1
1
1
1
1
1
1
1
1
1
1
1
1
1
1
1
1
1
1
1
1
1
1
1
1
1
1
1
1
1
1
1
1
1
1
1
1
