0
0.3
0.377027027027027
0.435135135135135
0.524324324324324
0.587837837837838
0.663513513513514
0.721621621621622
0.760810810810811
0.804054054054054
0.87027027027027
0.893243243243243
0.912162162162162
0.921621621621622
0.932432432432432
0.963513513513514
0.982432432432432
0.991891891891892
0.994594594594595
0.997297297297297
0.998648648648649
0.998648648648649
1
1
1
1
1
1
1
1
1
1
1
1
1
1
1
1
1
1
1
1
1
1
1
1
1
1
1
1
1
1
1
1
1
1
1
1
1
1
1
1
1
1
1
1
1
1
1
1
1
1
1
1
1
1
1
1
1
1
1
1
1
1
1
1
1
1
1
1
1
1
1
1
1
