0
0.1
0.128378378378378
0.201351351351351
0.285135135135135
0.354054054054054
0.47972972972973
0.581081081081081
0.67027027027027
0.75
0.802702702702703
0.851351351351351
0.883783783783784
0.912162162162162
0.921621621621622
0.939189189189189
0.964864864864865
0.967567567567568
0.971621621621622
0.989189189189189
0.990540540540541
0.994594594594595
0.998648648648649
0.998648648648649
0.998648648648649
0.998648648648649
1
1
1
1
1
1
1
1
1
1
1
1
1
1
1
1
1
1
1
1
1
1
1
1
1
1
1
1
1
1
1
1
1
1
1
1
1
1
1
1
1
1
1
1
1
1
1
1
1
1
1
1
1
1
1
1
1
1
1
1
1
1
1
1
1
1
1
1
1
