0
0.4
0.42972972972973
0.47972972972973
0.531081081081081
0.586486486486486
0.644594594594595
0.683783783783784
0.722972972972973
0.789189189189189
0.810810810810811
0.816216216216216
0.832432432432432
0.872972972972973
0.893243243243243
0.904054054054054
0.914864864864865
0.936486486486486
0.952702702702703
0.960810810810811
0.963513513513514
0.959459459459459
0.972972972972973
0.982432432432432
0.975675675675676
0.971621621621622
0.983783783783784
0.986486486486487
0.995945945945946
0.997297297297297
0.998648648648649
0.997297297297297
0.997297297297297
0.994594594594595
0.990540540540541
0.995945945945946
0.997297297297297
0.997297297297297
1
1
1
1
1
1
1
1
1
1
1
1
1
1
1
1
1
1
1
1
1
1
1
1
1
1
1
1
1
1
1
1
1
1
1
1
1
1
1
1
1
1
1
1
1
1
1
1
1
1
1
1
1
1
1
1
1
