0
0.1
0.112162162162162
0.164864864864865
0.264864864864865
0.351351351351351
0.463513513513513
0.593243243243243
0.677027027027027
0.767567567567568
0.839189189189189
0.886486486486487
0.918918918918919
0.92972972972973
0.948648648648649
0.958108108108108
0.959459459459459
0.97027027027027
0.987837837837838
0.983783783783784
0.989189189189189
0.995945945945946
0.997297297297297
0.998648648648649
1
1
1
1
1
1
1
1
1
1
1
1
1
1
1
1
1
1
1
1
1
1
1
1
1
1
1
1
1
1
1
1
1
1
1
1
1
1
1
1
1
1
1
1
1
1
1
1
1
1
1
1
1
1
1
1
1
1
1
1
1
1
1
1
1
1
1
1
1
1
1
