0
0.1
0.125675675675676
0.162162162162162
0.206756756756757
0.3
0.381081081081081
0.490540540540541
0.543243243243243
0.609459459459459
0.725675675675676
0.778378378378378
0.806756756756757
0.82972972972973
0.872972972972973
0.889189189189189
0.910810810810811
0.928378378378378
0.936486486486486
0.954054054054054
0.960810810810811
0.975675675675676
0.977027027027027
0.987837837837838
0.989189189189189
0.990540540540541
0.995945945945946
0.997297297297297
1
1
1
1
1
1
1
1
1
1
1
1
1
1
1
1
1
1
1
1
1
1
1
1
1
1
1
1
1
1
1
1
1
1
1
1
1
1
1
1
1
1
1
1
1
1
1
1
1
1
1
1
1
1
1
1
1
1
1
1
1
1
1
1
1
1
1
