0
0.3
0.327027027027027
0.347297297297297
0.385135135135135
0.433783783783784
0.477027027027027
0.502702702702703
0.531081081081081
0.562162162162162
0.583783783783784
0.6
0.605405405405405
0.644594594594595
0.627027027027027
0.632432432432432
0.660810810810811
0.691891891891892
0.708108108108108
0.722972972972973
0.755405405405405
0.77972972972973
0.77972972972973
0.804054054054054
0.832432432432432
0.82027027027027
0.822972972972973
0.827027027027027
0.856756756756757
0.87027027027027
0.913513513513514
0.922972972972973
0.932432432432432
0.931081081081081
0.943243243243243
0.943243243243243
0.95
0.958108108108108
0.959459459459459
0.967567567567568
0.981081081081081
0.981081081081081
0.985135135135135
0.975675675675676
0.971621621621622
0.982432432432432
0.990540540540541
0.991891891891892
0.987837837837838
0.985135135135135
0.989189189189189
0.990540540540541
0.990540540540541
0.995945945945946
0.998648648648649
1
1
1
1
1
1
1
1
1
1
1
1
1
1
1
1
1
1
1
1
1
1
1
1
1
1
1
1
1
1
1
1
1
1
1
1
1
1
1
1
