0
0.1
0.132432432432432
0.194594594594595
0.27972972972973
0.377027027027027
0.478378378378378
0.583783783783784
0.666216216216216
0.754054054054054
0.82972972972973
0.863513513513513
0.906756756756757
0.936486486486486
0.968918918918919
0.977027027027027
0.987837837837838
0.987837837837838
0.993243243243243
0.994594594594595
0.995945945945946
0.997297297297297
0.995945945945946
0.995945945945946
0.997297297297297
0.995945945945946
0.995945945945946
0.994594594594595
0.997297297297297
1
1
1
1
1
1
1
1
1
1
1
1
1
1
1
1
1
1
1
1
1
1
1
1
1
1
1
1
1
1
1
1
1
1
1
1
1
1
1
1
1
1
1
1
1
1
1
1
1
1
1
1
1
1
1
1
1
1
1
1
1
1
1
1
1
1
