0
0.1
0.137837837837838
0.2
0.252702702702703
0.363513513513514
0.485135135135135
0.575675675675676
0.660810810810811
0.724324324324324
0.831081081081081
0.874324324324324
0.898648648648649
0.924324324324324
0.939189189189189
0.960810810810811
0.977027027027027
0.982432432432432
0.985135135135135
0.986486486486487
0.986486486486487
0.991891891891892
0.997297297297297
0.998648648648649
1
1
1
1
1
1
1
1
1
1
1
1
1
1
1
1
1
1
1
1
1
1
1
1
1
1
1
1
1
1
1
1
1
1
1
1
1
1
1
1
1
1
1
1
1
1
1
1
1
1
1
1
1
1
1
1
1
1
1
1
1
1
1
1
1
1
1
1
1
1
1
