0
0.3
0.324324324324324
0.358108108108108
0.417567567567568
0.456756756756757
0.510810810810811
0.602702702702703
0.666216216216216
0.717567567567568
0.771621621621622
0.824324324324324
0.862162162162162
0.872972972972973
0.891891891891892
0.922972972972973
0.95
0.941891891891892
0.944594594594595
0.972972972972973
0.968918918918919
0.974324324324324
0.981081081081081
0.986486486486487
0.993243243243243
0.991891891891892
0.991891891891892
0.991891891891892
0.993243243243243
0.993243243243243
0.993243243243243
0.998648648648649
0.997297297297297
0.997297297297297
0.997297297297297
0.995945945945946
0.998648648648649
1
1
1
1
1
1
1
1
1
1
1
1
1
1
1
1
1
1
1
1
1
1
1
1
1
1
1
1
1
1
1
1
1
1
1
1
1
1
1
1
1
1
1
1
1
1
1
1
1
1
1
1
1
1
1
1
1
1
