0
0.2
0.245945945945946
0.310810810810811
0.37972972972973
0.475675675675676
0.541891891891892
0.598648648648649
0.698648648648649
0.789189189189189
0.832432432432432
0.871621621621622
0.898648648648649
0.925675675675676
0.921621621621622
0.935135135135135
0.951351351351351
0.955405405405405
0.954054054054054
0.967567567567568
0.97972972972973
0.993243243243243
0.997297297297297
0.998648648648649
0.998648648648649
0.998648648648649
1
1
1
1
1
1
1
1
1
1
1
1
1
1
1
1
1
1
1
1
1
1
1
1
1
1
1
1
1
1
1
1
1
1
1
1
1
1
1
1
1
1
1
1
1
1
1
1
1
1
1
1
1
1
1
1
1
1
1
1
1
1
1
1
1
1
1
1
1
