0
0.2
0.208108108108108
0.262162162162162
0.327027027027027
0.397297297297297
0.485135135135135
0.540540540540541
0.583783783783784
0.643243243243243
0.7
0.72027027027027
0.783783783783784
0.832432432432432
0.860810810810811
0.908108108108108
0.92027027027027
0.939189189189189
0.944594594594595
0.943243243243243
0.943243243243243
0.959459459459459
0.966216216216216
0.978378378378378
0.975675675675676
0.986486486486487
0.985135135135135
0.989189189189189
0.989189189189189
0.994594594594595
0.998648648648649
1
1
1
1
1
1
1
1
1
1
1
1
1
1
1
1
1
1
1
1
1
1
1
1
1
1
1
1
1
1
1
1
1
1
1
1
1
1
1
1
1
1
1
1
1
1
1
1
1
1
1
1
1
1
1
1
1
1
1
1
1
1
1
1
