0
0.1
0.131081081081081
0.168918918918919
0.232432432432432
0.281081081081081
0.339189189189189
0.385135135135135
0.447297297297297
0.518918918918919
0.604054054054054
0.65
0.664864864864865
0.725675675675676
0.785135135135135
0.831081081081081
0.85
0.895945945945946
0.921621621621622
0.928378378378378
0.936486486486486
0.954054054054054
0.960810810810811
0.972972972972973
0.987837837837838
0.987837837837838
0.983783783783784
0.983783783783784
0.982432432432432
0.987837837837838
0.987837837837838
0.983783783783784
0.989189189189189
0.990540540540541
0.990540540540541
0.987837837837838
0.989189189189189
0.993243243243243
0.994594594594595
0.995945945945946
0.995945945945946
0.997297297297297
0.997297297297297
0.998648648648649
1
1
1
1
1
1
1
1
1
1
1
1
1
1
1
1
1
1
1
1
1
1
1
1
1
1
1
1
1
1
1
1
1
1
1
1
1
1
1
1
1
1
1
1
1
1
1
1
1
1
1
