0
0.3
0.341891891891892
0.364864864864865
0.421621621621622
0.464864864864865
0.493243243243243
0.540540540540541
0.591891891891892
0.612162162162162
0.641891891891892
0.710810810810811
0.716216216216216
0.740540540540541
0.763513513513513
0.775675675675676
0.77972972972973
0.808108108108108
0.835135135135135
0.859459459459459
0.9
0.895945945945946
0.921621621621622
0.931081081081081
0.943243243243243
0.951351351351351
0.948648648648649
0.960810810810811
0.958108108108108
0.960810810810811
0.97972972972973
0.982432432432432
0.978378378378378
0.975675675675676
0.983783783783784
0.994594594594595
0.994594594594595
0.993243243243243
0.995945945945946
0.997297297297297
0.995945945945946
0.997297297297297
0.993243243243243
0.990540540540541
0.990540540540541
0.994594594594595
0.998648648648649
0.998648648648649
0.998648648648649
0.998648648648649
1
1
1
1
1
1
1
1
1
1
1
1
1
1
1
1
1
1
1
1
1
1
1
1
1
1
1
1
1
1
1
1
1
1
1
1
1
1
1
1
1
1
1
1
1
