0
0.1
0.109459459459459
0.102702702702703
0.116216216216216
0.116216216216216
0.0918918918918919
0.0891891891891892
0.109459459459459
0.139189189189189
0.148648648648649
0.156756756756757
0.190540540540541
0.181081081081081
0.190540540540541
0.189189189189189
0.201351351351351
0.210810810810811
0.204054054054054
0.213513513513514
0.244594594594595
0.245945945945946
0.236486486486486
0.251351351351351
0.256756756756757
0.287837837837838
0.306756756756757
0.332432432432432
0.351351351351351
0.372972972972973
0.347297297297297
0.339189189189189
0.37027027027027
0.382432432432432
0.390540540540541
0.418918918918919
0.42027027027027
0.431081081081081
0.468918918918919
0.504054054054054
0.512162162162162
0.516216216216216
0.540540540540541
0.563513513513514
0.613513513513513
0.643243243243243
0.644594594594595
0.658108108108108
0.694594594594595
0.706756756756757
0.7
0.708108108108108
0.739189189189189
0.741891891891892
0.767567567567568
0.767567567567568
0.787837837837838
0.793243243243243
0.809459459459459
0.832432432432432
0.844594594594595
0.878378378378378
0.889189189189189
0.894594594594595
0.916216216216216
0.904054054054054
0.927027027027027
0.935135135135135
0.939189189189189
0.955405405405405
0.952702702702703
0.956756756756757
0.960810810810811
0.967567567567568
0.97027027027027
0.971621621621622
0.975675675675676
0.981081081081081
0.97972972972973
0.987837837837838
0.986486486486487
0.990540540540541
0.990540540540541
0.997297297297297
0.997297297297297
0.997297297297297
0.998648648648649
0.997297297297297
1
1
1
1
1
1
1
