0
0.5
0.521621621621622
0.540540540540541
0.57972972972973
0.593243243243243
0.62972972972973
0.631081081081081
0.654054054054054
0.698648648648649
0.722972972972973
0.771621621621622
0.801351351351351
0.818918918918919
0.845945945945946
0.841891891891892
0.828378378378378
0.839189189189189
0.851351351351351
0.87027027027027
0.878378378378378
0.908108108108108
0.916216216216216
0.925675675675676
0.931081081081081
0.948648648648649
0.95
0.960810810810811
0.974324324324324
0.975675675675676
0.975675675675676
0.972972972972973
0.983783783783784
0.986486486486487
0.983783783783784
0.986486486486487
0.991891891891892
0.990540540540541
0.982432432432432
0.985135135135135
0.983783783783784
0.987837837837838
0.987837837837838
0.993243243243243
0.995945945945946
0.995945945945946
0.993243243243243
1
1
1
1
1
1
1
1
1
1
1
1
1
1
1
1
1
1
1
1
1
1
1
1
1
1
1
1
1
1
1
1
1
1
1
1
1
1
1
1
1
1
1
1
1
1
1
1
