0
0.1
0.0972972972972973
0.106756756756757
0.147297297297297
0.166216216216216
0.175675675675676
0.190540540540541
0.195945945945946
0.224324324324324
0.233783783783784
0.267567567567568
0.313513513513514
0.331081081081081
0.390540540540541
0.412162162162162
0.474324324324324
0.491891891891892
0.543243243243243
0.572972972972973
0.6
0.601351351351351
0.609459459459459
0.622972972972973
0.62972972972973
0.651351351351351
0.675675675675676
0.693243243243243
0.672972972972973
0.706756756756757
0.722972972972973
0.708108108108108
0.736486486486487
0.756756756756757
0.754054054054054
0.77027027027027
0.821621621621622
0.825675675675676
0.862162162162162
0.851351351351351
0.835135135135135
0.82972972972973
0.844594594594595
0.874324324324324
0.860810810810811
0.913513513513514
0.916216216216216
0.933783783783784
0.943243243243243
0.960810810810811
0.958108108108108
0.974324324324324
0.981081081081081
0.989189189189189
0.994594594594595
0.995945945945946
1
1
1
1
1
1
1
1
1
1
1
1
1
1
1
1
1
1
1
1
1
1
1
1
1
1
1
1
1
1
1
1
1
1
1
1
1
1
1
