0
0.1
0.102702702702703
0.112162162162162
0.164864864864865
0.204054054054054
0.277027027027027
0.378378378378378
0.495945945945946
0.531081081081081
0.581081081081081
0.712162162162162
0.789189189189189
0.822972972972973
0.839189189189189
0.890540540540541
0.92027027027027
0.935135135135135
0.951351351351351
0.955405405405405
0.977027027027027
0.986486486486487
0.990540540540541
0.989189189189189
0.997297297297297
0.997297297297297
0.995945945945946
0.994594594594595
0.995945945945946
1
1
1
1
1
1
1
1
1
1
1
1
1
1
1
1
1
1
1
1
1
1
1
1
1
1
1
1
1
1
1
1
1
1
1
1
1
1
1
1
1
1
1
1
1
1
1
1
1
1
1
1
1
1
1
1
1
1
1
1
1
1
1
1
1
1
