0
0.3
0.312162162162162
0.322972972972973
0.352702702702703
0.37972972972973
0.395945945945946
0.389189189189189
0.398648648648649
0.416216216216216
0.431081081081081
0.425675675675676
0.45
0.475675675675676
0.495945945945946
0.524324324324324
0.566216216216216
0.563513513513514
0.605405405405405
0.585135135135135
0.602702702702703
0.625675675675676
0.628378378378378
0.672972972972973
0.686486486486486
0.714864864864865
0.756756756756757
0.772972972972973
0.790540540540541
0.790540540540541
0.818918918918919
0.813513513513514
0.840540540540541
0.848648648648649
0.862162162162162
0.883783783783784
0.893243243243243
0.898648648648649
0.893243243243243
0.898648648648649
0.897297297297297
0.910810810810811
0.935135135135135
0.945945945945946
0.939189189189189
0.939189189189189
0.941891891891892
0.933783783783784
0.937837837837838
0.944594594594595
0.932432432432432
0.940540540540541
0.944594594594595
0.936486486486486
0.940540540540541
0.944594594594595
0.944594594594595
0.937837837837838
0.931081081081081
0.931081081081081
0.924324324324324
0.939189189189189
0.952702702702703
0.951351351351351
0.958108108108108
0.977027027027027
0.987837837837838
0.987837837837838
0.987837837837838
0.985135135135135
0.978378378378378
0.983783783783784
0.978378378378378
0.97972972972973
0.981081081081081
0.97972972972973
0.977027027027027
0.983783783783784
0.990540540540541
0.990540540540541
0.995945945945946
0.998648648648649
0.998648648648649
1
1
1
1
1
1
1
1
1
1
1
1
