0
0.3
0.354054054054054
0.443243243243243
0.532432432432432
0.628378378378378
0.705405405405405
0.794594594594595
0.844594594594595
0.872972972972973
0.872972972972973
0.910810810810811
0.95
0.964864864864865
0.967567567567568
0.975675675675676
0.982432432432432
0.993243243243243
0.995945945945946
0.998648648648649
0.997297297297297
0.998648648648649
0.997297297297297
0.998648648648649
0.998648648648649
1
1
1
1
1
1
1
1
1
1
1
1
1
1
1
1
1
1
1
1
1
1
1
1
1
1
1
1
1
1
1
1
1
1
1
1
1
1
1
1
1
1
1
1
1
1
1
1
1
1
1
1
1
1
1
1
1
1
1
1
1
1
1
1
1
1
1
1
1
1
