0
0.1
0.101351351351351
0.135135135135135
0.159459459459459
0.189189189189189
0.204054054054054
0.224324324324324
0.233783783783784
0.254054054054054
0.268918918918919
0.290540540540541
0.321621621621622
0.351351351351351
0.366216216216216
0.405405405405405
0.436486486486486
0.463513513513513
0.478378378378378
0.539189189189189
0.564864864864865
0.606756756756757
0.651351351351351
0.681081081081081
0.668918918918919
0.691891891891892
0.712162162162162
0.752702702702703
0.760810810810811
0.767567567567568
0.782432432432432
0.786486486486486
0.77972972972973
0.790540540540541
0.82027027027027
0.851351351351351
0.87027027027027
0.862162162162162
0.885135135135135
0.916216216216216
0.922972972972973
0.917567567567568
0.939189189189189
0.947297297297297
0.951351351351351
0.943243243243243
0.941891891891892
0.95
0.951351351351351
0.941891891891892
0.928378378378378
0.925675675675676
0.937837837837838
0.952702702702703
0.948648648648649
0.95
0.954054054054054
0.966216216216216
0.972972972972973
0.97972972972973
0.971621621621622
0.978378378378378
0.981081081081081
0.977027027027027
0.977027027027027
0.982432432432432
0.983783783783784
0.987837837837838
0.985135135135135
0.977027027027027
0.982432432432432
0.991891891891892
0.991891891891892
0.994594594594595
0.993243243243243
0.990540540540541
0.991891891891892
0.989189189189189
0.994594594594595
0.995945945945946
0.998648648648649
0.997297297297297
1
1
1
1
1
1
1
1
1
1
1
1
1
