0
0.2
0.22972972972973
0.304054054054054
0.408108108108108
0.514864864864865
0.617567567567568
0.698648648648649
0.793243243243243
0.854054054054054
0.891891891891892
0.917567567567568
0.958108108108108
0.97972972972973
0.983783783783784
0.987837837837838
0.986486486486487
0.994594594594595
0.993243243243243
0.998648648648649
0.997297297297297
0.995945945945946
0.991891891891892
0.989189189189189
0.995945945945946
0.998648648648649
0.998648648648649
1
1
1
1
1
1
1
1
1
1
1
1
1
1
1
1
1
1
1
1
1
1
1
1
1
1
1
1
1
1
1
1
1
1
1
1
1
1
1
1
1
1
1
1
1
1
1
1
1
1
1
1
1
1
1
1
1
1
1
1
1
1
1
1
1
1
1
1
