0
0.1
0.0945945945945946
0.101351351351351
0.113513513513514
0.133783783783784
0.163513513513514
0.197297297297297
0.206756756756757
0.210810810810811
0.256756756756757
0.268918918918919
0.277027027027027
0.304054054054054
0.337837837837838
0.368918918918919
0.414864864864865
0.443243243243243
0.477027027027027
0.518918918918919
0.532432432432432
0.554054054054054
0.566216216216216
0.613513513513513
0.624324324324324
0.648648648648649
0.674324324324324
0.714864864864865
0.725675675675676
0.755405405405405
0.759459459459459
0.791891891891892
0.806756756756757
0.818918918918919
0.832432432432432
0.866216216216216
0.881081081081081
0.889189189189189
0.913513513513514
0.92972972972973
0.941891891891892
0.95
0.943243243243243
0.944594594594595
0.925675675675676
0.940540540540541
0.952702702702703
0.966216216216216
0.972972972972973
0.97972972972973
0.978378378378378
0.97027027027027
0.972972972972973
0.968918918918919
0.966216216216216
0.966216216216216
0.963513513513514
0.958108108108108
0.948648648648649
0.958108108108108
0.958108108108108
0.960810810810811
0.972972972972973
0.978378378378378
0.983783783783784
0.982432432432432
0.978378378378378
0.982432432432432
0.982432432432432
0.977027027027027
0.977027027027027
0.981081081081081
0.983783783783784
0.989189189189189
0.991891891891892
0.991891891891892
0.987837837837838
0.986486486486487
0.990540540540541
0.982432432432432
0.986486486486487
0.990540540540541
0.993243243243243
0.995945945945946
0.994594594594595
0.998648648648649
1
1
1
1
1
1
1
1
1
