0
0.1
0.0986486486486487
0.117567567567568
0.141891891891892
0.175675675675676
0.198648648648649
0.240540540540541
0.3
0.339189189189189
0.391891891891892
0.458108108108108
0.55
0.614864864864865
0.672972972972973
0.741891891891892
0.787837837837838
0.818918918918919
0.844594594594595
0.886486486486487
0.895945945945946
0.922972972972973
0.933783783783784
0.948648648648649
0.962162162162162
0.977027027027027
0.981081081081081
0.991891891891892
0.997297297297297
0.998648648648649
0.998648648648649
1
1
1
1
1
1
1
1
1
1
1
1
1
1
1
1
1
1
1
1
1
1
1
1
1
1
1
1
1
1
1
1
1
1
1
1
1
1
1
1
1
1
1
1
1
1
1
1
1
1
1
1
1
1
1
1
1
1
1
1
1
1
1
1
