0
0.1
0.104054054054054
0.125675675675676
0.136486486486486
0.135135135135135
0.155405405405405
0.163513513513514
0.185135135135135
0.177027027027027
0.193243243243243
0.198648648648649
0.255405405405405
0.275675675675676
0.314864864864865
0.344594594594595
0.351351351351351
0.367567567567568
0.421621621621622
0.445945945945946
0.47972972972973
0.493243243243243
0.475675675675676
0.528378378378378
0.568918918918919
0.62027027027027
0.647297297297297
0.617567567567568
0.644594594594595
0.663513513513514
0.671621621621622
0.690540540540541
0.717567567567568
0.756756756756757
0.791891891891892
0.821621621621622
0.827027027027027
0.847297297297297
0.848648648648649
0.860810810810811
0.895945945945946
0.901351351351351
0.902702702702703
0.921621621621622
0.918918918918919
0.939189189189189
0.948648648648649
0.951351351351351
0.952702702702703
0.959459459459459
0.963513513513514
0.959459459459459
0.952702702702703
0.956756756756757
0.956756756756757
0.960810810810811
0.959459459459459
0.968918918918919
0.972972972972973
0.975675675675676
0.990540540540541
0.994594594594595
0.995945945945946
0.994594594594595
0.991891891891892
0.991891891891892
0.993243243243243
0.995945945945946
0.995945945945946
0.991891891891892
0.995945945945946
0.993243243243243
0.986486486486487
0.990540540540541
0.990540540540541
0.989189189189189
0.994594594594595
0.991891891891892
0.990540540540541
0.990540540540541
0.995945945945946
0.991891891891892
0.990540540540541
0.993243243243243
0.995945945945946
0.994594594594595
0.993243243243243
0.994594594594595
0.994594594594595
0.993243243243243
0.997297297297297
0.998648648648649
1
1
1
