0
0.3
0.355405405405405
0.440540540540541
0.543243243243243
0.609459459459459
0.67972972972973
0.728378378378378
0.782432432432432
0.822972972972973
0.87972972972973
0.905405405405405
0.931081081081081
0.933783783783784
0.933783783783784
0.956756756756757
0.967567567567568
0.977027027027027
0.983783783783784
0.983783783783784
0.987837837837838
0.989189189189189
0.994594594594595
0.998648648648649
1
1
1
1
1
1
1
1
1
1
1
1
1
1
1
1
1
1
1
1
1
1
1
1
1
1
1
1
1
1
1
1
1
1
1
1
1
1
1
1
1
1
1
1
1
1
1
1
1
1
1
1
1
1
1
1
1
1
1
1
1
1
1
1
1
1
1
1
1
1
1
