0
0.5
0.522972972972973
0.568918918918919
0.6
0.639189189189189
0.694594594594595
0.732432432432432
0.766216216216216
0.781081081081081
0.8
0.82972972972973
0.840540540540541
0.837837837837838
0.855405405405405
0.883783783783784
0.928378378378378
0.931081081081081
0.935135135135135
0.948648648648649
0.955405405405405
0.962162162162162
0.960810810810811
0.972972972972973
0.989189189189189
0.990540540540541
0.993243243243243
0.991891891891892
0.993243243243243
0.995945945945946
0.997297297297297
0.998648648648649
1
1
1
1
1
1
1
1
1
1
1
1
1
1
1
1
1
1
1
1
1
1
1
1
1
1
1
1
1
1
1
1
1
1
1
1
1
1
1
1
1
1
1
1
1
1
1
1
1
1
1
1
1
1
1
1
1
1
1
1
1
1
1
