0
0.5
0.540540540540541
0.57972972972973
0.616216216216216
0.644594594594595
0.660810810810811
0.706756756756757
0.731081081081081
0.75
0.782432432432432
0.810810810810811
0.821621621621622
0.855405405405405
0.889189189189189
0.890540540540541
0.891891891891892
0.905405405405405
0.92027027027027
0.936486486486486
0.948648648648649
0.956756756756757
0.960810810810811
0.968918918918919
0.967567567567568
0.959459459459459
0.960810810810811
0.963513513513514
0.97027027027027
0.962162162162162
0.971621621621622
0.964864864864865
0.97027027027027
0.963513513513514
0.972972972972973
0.978378378378378
0.978378378378378
0.974324324324324
0.982432432432432
0.986486486486487
0.987837837837838
0.983783783783784
0.985135135135135
0.990540540540541
0.995945945945946
0.998648648648649
1
1
1
1
1
1
1
1
1
1
1
1
1
1
1
1
1
1
1
1
1
1
1
1
1
1
1
1
1
1
1
1
1
1
1
1
1
1
1
1
1
1
1
1
1
1
1
1
1
