0
0.1
0.121621621621622
0.145945945945946
0.17027027027027
0.187837837837838
0.214864864864865
0.260810810810811
0.302702702702703
0.32972972972973
0.395945945945946
0.401351351351351
0.458108108108108
0.463513513513513
0.5
0.531081081081081
0.564864864864865
0.602702702702703
0.652702702702703
0.691891891891892
0.724324324324324
0.745945945945946
0.77972972972973
0.813513513513514
0.82027027027027
0.816216216216216
0.822972972972973
0.833783783783784
0.860810810810811
0.893243243243243
0.913513513513514
0.936486486486486
0.941891891891892
0.940540540540541
0.958108108108108
0.959459459459459
0.975675675675676
0.977027027027027
0.977027027027027
0.982432432432432
0.987837837837838
0.983783783783784
0.990540540540541
0.993243243243243
1
1
1
1
1
1
1
1
1
1
1
1
1
1
1
1
1
1
1
1
1
1
1
1
1
1
1
1
1
1
1
1
1
1
1
1
1
1
1
1
1
1
1
1
1
1
1
1
1
1
1
