0
0.1
0.116216216216216
0.198648648648649
0.281081081081081
0.393243243243243
0.501351351351351
0.621621621621622
0.72972972972973
0.813513513513514
0.882432432432432
0.898648648648649
0.935135135135135
0.963513513513514
0.977027027027027
0.987837837837838
0.989189189189189
0.991891891891892
0.995945945945946
0.995945945945946
0.994594594594595
0.995945945945946
1
1
1
1
1
1
1
1
1
1
1
1
1
1
1
1
1
1
1
1
1
1
1
1
1
1
1
1
1
1
1
1
1
1
1
1
1
1
1
1
1
1
1
1
1
1
1
1
1
1
1
1
1
1
1
1
1
1
1
1
1
1
1
1
1
1
1
1
1
1
1
1
1
