0
0.2
0.259459459459459
0.321621621621622
0.390540540540541
0.460810810810811
0.509459459459459
0.574324324324324
0.637837837837838
0.674324324324324
0.747297297297297
0.767567567567568
0.772972972972973
0.809459459459459
0.856756756756757
0.868918918918919
0.908108108108108
0.924324324324324
0.927027027027027
0.937837837837838
0.940540540540541
0.944594594594595
0.945945945945946
0.940540540540541
0.960810810810811
0.967567567567568
0.972972972972973
0.966216216216216
0.981081081081081
0.990540540540541
0.995945945945946
0.994594594594595
0.995945945945946
0.995945945945946
0.997297297297297
0.998648648648649
1
1
1
1
1
1
1
1
1
1
1
1
1
1
1
1
1
1
1
1
1
1
1
1
1
1
1
1
1
1
1
1
1
1
1
1
1
1
1
1
1
1
1
1
1
1
1
1
1
1
1
1
1
1
1
1
1
1
1
