0
0.1
0.101351351351351
0.0864864864864865
0.104054054054054
0.102702702702703
0.110810810810811
0.113513513513514
0.140540540540541
0.140540540540541
0.122972972972973
0.106756756756757
0.106756756756757
0.127027027027027
0.141891891891892
0.154054054054054
0.143243243243243
0.172972972972973
0.178378378378378
0.209459459459459
0.2
0.214864864864865
0.195945945945946
0.213513513513514
0.218918918918919
0.236486486486486
0.25
0.278378378378378
0.282432432432432
0.297297297297297
0.333783783783784
0.333783783783784
0.341891891891892
0.347297297297297
0.345945945945946
0.374324324324324
0.362162162162162
0.368918918918919
0.408108108108108
0.441891891891892
0.441891891891892
0.445945945945946
0.448648648648649
0.478378378378378
0.464864864864865
0.486486486486487
0.531081081081081
0.552702702702703
0.571621621621622
0.593243243243243
0.597297297297297
0.624324324324324
0.667567567567568
0.713513513513514
0.718918918918919
0.725675675675676
0.760810810810811
0.758108108108108
0.777027027027027
0.801351351351351
0.794594594594595
0.817567567567568
0.836486486486486
0.82027027027027
0.824324324324324
0.858108108108108
0.858108108108108
0.855405405405405
0.871621621621622
0.878378378378378
0.910810810810811
0.916216216216216
0.92972972972973
0.924324324324324
0.927027027027027
0.933783783783784
0.941891891891892
0.962162162162162
0.968918918918919
0.964864864864865
0.966216216216216
0.975675675675676
0.981081081081081
0.982432432432432
0.981081081081081
0.990540540540541
0.987837837837838
0.981081081081081
0.982432432432432
0.986486486486487
0.991891891891892
0.987837837837838
0.989189189189189
0.990540540540541
0.994594594594595
