0
0.4
0.366216216216216
0.368918918918919
0.382432432432432
0.410810810810811
0.414864864864865
0.405405405405405
0.425675675675676
0.428378378378378
0.448648648648649
0.478378378378378
0.481081081081081
0.545945945945946
0.55
0.559459459459459
0.532432432432432
0.544594594594595
0.556756756756757
0.57972972972973
0.540540540540541
0.560810810810811
0.583783783783784
0.575675675675676
0.609459459459459
0.587837837837838
0.581081081081081
0.604054054054054
0.636486486486487
0.631081081081081
0.637837837837838
0.648648648648649
0.654054054054054
0.662162162162162
0.675675675675676
0.675675675675676
0.701351351351351
0.724324324324324
0.754054054054054
0.767567567567568
0.767567567567568
0.785135135135135
0.797297297297297
0.797297297297297
0.805405405405405
0.809459459459459
0.832432432432432
0.847297297297297
0.872972972972973
0.87027027027027
0.85
0.894594594594595
0.9
0.916216216216216
0.931081081081081
0.940540540540541
0.958108108108108
0.959459459459459
0.958108108108108
0.960810810810811
0.958108108108108
0.947297297297297
0.947297297297297
0.95
0.948648648648649
0.955405405405405
0.964864864864865
0.975675675675676
0.978378378378378
0.977027027027027
0.978378378378378
0.986486486486487
0.981081081081081
0.982432432432432
0.983783783783784
0.982432432432432
0.972972972972973
0.981081081081081
0.97972972972973
0.983783783783784
0.981081081081081
0.978378378378378
0.982432432432432
0.985135135135135
0.987837837837838
0.986486486486487
0.989189189189189
0.989189189189189
0.986486486486487
0.993243243243243
0.993243243243243
0.991891891891892
0.987837837837838
0.987837837837838
0.97972972972973
