0
0.2
0.204054054054054
0.271621621621622
0.327027027027027
0.374324324324324
0.451351351351351
0.555405405405405
0.62027027027027
0.666216216216216
0.722972972972973
0.8
0.832432432432432
0.875675675675676
0.882432432432432
0.906756756756757
0.928378378378378
0.945945945945946
0.944594594594595
0.97027027027027
0.983783783783784
0.990540540540541
0.990540540540541
0.994594594594595
0.998648648648649
0.998648648648649
1
1
1
1
1
1
1
1
1
1
1
1
1
1
1
1
1
1
1
1
1
1
1
1
1
1
1
1
1
1
1
1
1
1
1
1
1
1
1
1
1
1
1
1
1
1
1
1
1
1
1
1
1
1
1
1
1
1
1
1
1
1
1
1
1
1
1
1
1
