0
0.3
0.324324324324324
0.348648648648649
0.4
0.436486486486486
0.455405405405405
0.487837837837838
0.52027027027027
0.524324324324324
0.548648648648649
0.547297297297297
0.574324324324324
0.594594594594595
0.651351351351351
0.671621621621622
0.721621621621622
0.737837837837838
0.751351351351351
0.754054054054054
0.756756756756757
0.764864864864865
0.740540540540541
0.767567567567568
0.774324324324324
0.805405405405405
0.8
0.805405405405405
0.804054054054054
0.797297297297297
0.816216216216216
0.824324324324324
0.818918918918919
0.817567567567568
0.837837837837838
0.844594594594595
0.845945945945946
0.835135135135135
0.841891891891892
0.87027027027027
0.872972972972973
0.871621621621622
0.883783783783784
0.895945945945946
0.901351351351351
0.901351351351351
0.901351351351351
0.885135135135135
0.887837837837838
0.890540540540541
0.894594594594595
0.901351351351351
0.925675675675676
0.922972972972973
0.922972972972973
0.925675675675676
0.913513513513514
0.914864864864865
0.922972972972973
0.921621621621622
0.921621621621622
0.912162162162162
0.924324324324324
0.916216216216216
0.914864864864865
0.916216216216216
0.92027027027027
0.92972972972973
0.941891891891892
0.935135135135135
0.933783783783784
0.924324324324324
0.917567567567568
0.921621621621622
0.931081081081081
0.92972972972973
0.937837837837838
0.940540540540541
0.947297297297297
0.95
0.936486486486486
0.940540540540541
0.959459459459459
0.978378378378378
0.981081081081081
0.985135135135135
0.986486486486487
0.994594594594595
0.991891891891892
0.993243243243243
0.986486486486487
0.986486486486487
0.987837837837838
0.989189189189189
0.994594594594595
