0
0.4
0.390540540540541
0.562162162162162
0.694594594594595
0.802702702702703
0.872972972972973
0.916216216216216
0.944594594594595
0.959459459459459
0.97027027027027
0.987837837837838
0.989189189189189
0.993243243243243
0.995945945945946
0.997297297297297
0.995945945945946
0.998648648648649
0.998648648648649
0.997297297297297
0.995945945945946
0.997297297297297
0.998648648648649
0.997297297297297
1
1
1
1
1
1
1
1
1
1
1
1
1
1
1
1
1
1
1
1
1
1
1
1
1
1
1
1
1
1
1
1
1
1
1
1
1
1
1
1
1
1
1
1
1
1
1
1
1
1
1
1
1
1
1
1
1
1
1
1
1
1
1
1
1
1
1
1
1
1
1
