0
0.3
0.389189189189189
0.452702702702703
0.548648648648649
0.597297297297297
0.710810810810811
0.762162162162162
0.837837837837838
0.866216216216216
0.908108108108108
0.941891891891892
0.960810810810811
0.975675675675676
0.978378378378378
0.983783783783784
0.983783783783784
0.978378378378378
0.985135135135135
0.991891891891892
0.994594594594595
0.991891891891892
0.994594594594595
0.997297297297297
1
1
1
1
1
1
1
1
1
1
1
1
1
1
1
1
1
1
1
1
1
1
1
1
1
1
1
1
1
1
1
1
1
1
1
1
1
1
1
1
1
1
1
1
1
1
1
1
1
1
1
1
1
1
1
1
1
1
1
1
1
1
1
1
1
1
1
1
1
1
1
