0
0.3
0.32972972972973
0.431081081081081
0.495945945945946
0.540540540540541
0.605405405405405
0.658108108108108
0.7
0.77027027027027
0.809459459459459
0.845945945945946
0.87972972972973
0.908108108108108
0.935135135135135
0.944594594594595
0.952702702702703
0.955405405405405
0.975675675675676
0.983783783783784
0.978378378378378
0.989189189189189
0.991891891891892
0.991891891891892
0.991891891891892
0.993243243243243
0.997297297297297
0.998648648648649
1
1
1
1
1
1
1
1
1
1
1
1
1
1
1
1
1
1
1
1
1
1
1
1
1
1
1
1
1
1
1
1
1
1
1
1
1
1
1
1
1
1
1
1
1
1
1
1
1
1
1
1
1
1
1
1
1
1
1
1
1
1
1
1
1
1
1
