0
0.1
0.12972972972973
0.2
0.313513513513514
0.397297297297297
0.513513513513513
0.622972972972973
0.708108108108108
0.777027027027027
0.843243243243243
0.918918918918919
0.925675675675676
0.954054054054054
0.964864864864865
0.977027027027027
0.982432432432432
0.989189189189189
0.993243243243243
0.997297297297297
0.995945945945946
0.994594594594595
0.997297297297297
0.998648648648649
0.997297297297297
0.997297297297297
0.997297297297297
1
1
1
1
1
1
1
1
1
1
1
1
1
1
1
1
1
1
1
1
1
1
1
1
1
1
1
1
1
1
1
1
1
1
1
1
1
1
1
1
1
1
1
1
1
1
1
1
1
1
1
1
1
1
1
1
1
1
1
1
1
1
1
1
1
1
1
1
