0
0.3
0.312162162162162
0.309459459459459
0.318918918918919
0.328378378378378
0.335135135135135
0.337837837837838
0.335135135135135
0.347297297297297
0.358108108108108
0.4
0.437837837837838
0.462162162162162
0.498648648648649
0.532432432432432
0.541891891891892
0.541891891891892
0.525675675675676
0.514864864864865
0.510810810810811
0.509459459459459
0.537837837837838
0.57027027027027
0.583783783783784
0.585135135135135
0.586486486486486
0.594594594594595
0.618918918918919
0.610810810810811
0.624324324324324
0.609459459459459
0.612162162162162
0.601351351351351
0.594594594594595
0.625675675675676
0.643243243243243
0.658108108108108
0.663513513513514
0.681081081081081
0.718918918918919
0.724324324324324
0.739189189189189
0.744594594594595
0.744594594594595
0.75
0.748648648648649
0.732432432432432
0.717567567567568
0.712162162162162
0.72972972972973
0.756756756756757
0.748648648648649
0.744594594594595
0.771621621621622
0.789189189189189
0.785135135135135
0.804054054054054
0.828378378378378
0.841891891891892
0.851351351351351
0.872972972972973
0.889189189189189
0.908108108108108
0.922972972972973
0.916216216216216
0.918918918918919
0.917567567567568
0.935135135135135
0.928378378378378
0.952702702702703
0.947297297297297
0.939189189189189
0.948648648648649
0.937837837837838
0.945945945945946
0.952702702702703
0.967567567567568
0.974324324324324
0.964864864864865
0.986486486486487
0.991891891891892
0.993243243243243
0.997297297297297
0.995945945945946
0.998648648648649
1
1
1
1
1
1
1
1
1
