0
0.1
0.141891891891892
0.197297297297297
0.290540540540541
0.391891891891892
0.498648648648649
0.612162162162162
0.681081081081081
0.741891891891892
0.786486486486486
0.841891891891892
0.875675675675676
0.92027027027027
0.940540540540541
0.943243243243243
0.947297297297297
0.963513513513514
0.978378378378378
0.986486486486487
0.989189189189189
0.991891891891892
0.997297297297297
1
1
1
1
1
1
1
1
1
1
1
1
1
1
1
1
1
1
1
1
1
1
1
1
1
1
1
1
1
1
1
1
1
1
1
1
1
1
1
1
1
1
1
1
1
1
1
1
1
1
1
1
1
1
1
1
1
1
1
1
1
1
1
1
1
1
1
1
1
1
1
1
