0
0.2
0.239189189189189
0.302702702702703
0.406756756756757
0.485135135135135
0.560810810810811
0.654054054054054
0.7
0.722972972972973
0.791891891891892
0.810810810810811
0.855405405405405
0.882432432432432
0.905405405405405
0.92972972972973
0.95
0.964864864864865
0.968918918918919
0.978378378378378
0.97972972972973
0.985135135135135
0.993243243243243
0.997297297297297
0.997297297297297
0.995945945945946
0.991891891891892
0.995945945945946
0.997297297297297
0.997297297297297
0.997297297297297
0.998648648648649
0.997297297297297
0.995945945945946
0.995945945945946
0.991891891891892
0.995945945945946
1
1
1
1
1
1
1
1
1
1
1
1
1
1
1
1
1
1
1
1
1
1
1
1
1
1
1
1
1
1
1
1
1
1
1
1
1
1
1
1
1
1
1
1
1
1
1
1
1
1
1
1
1
1
1
1
1
1
