0
0.1
0.15
0.205405405405405
0.275675675675676
0.367567567567568
0.5
0.602702702702703
0.714864864864865
0.813513513513514
0.845945945945946
0.881081081081081
0.921621621621622
0.956756756756757
0.966216216216216
0.974324324324324
0.986486486486487
0.989189189189189
0.994594594594595
0.995945945945946
0.998648648648649
0.997297297297297
0.998648648648649
1
1
1
1
1
1
1
1
1
1
1
1
1
1
1
1
1
1
1
1
1
1
1
1
1
1
1
1
1
1
1
1
1
1
1
1
1
1
1
1
1
1
1
1
1
1
1
1
1
1
1
1
1
1
1
1
1
1
1
1
1
1
1
1
1
1
1
1
1
1
1
1
