0
0.1
0.127027027027027
0.145945945945946
0.202702702702703
0.271621621621622
0.35
0.458108108108108
0.558108108108108
0.639189189189189
0.708108108108108
0.777027027027027
0.812162162162162
0.856756756756757
0.890540540540541
0.931081081081081
0.956756756756757
0.959459459459459
0.971621621621622
0.983783783783784
0.987837837837838
0.990540540540541
0.997297297297297
0.998648648648649
0.998648648648649
0.998648648648649
1
1
1
1
1
1
1
1
1
1
1
1
1
1
1
1
1
1
1
1
1
1
1
1
1
1
1
1
1
1
1
1
1
1
1
1
1
1
1
1
1
1
1
1
1
1
1
1
1
1
1
1
1
1
1
1
1
1
1
1
1
1
1
1
1
1
1
1
1
