0
0.1
0.109459459459459
0.116216216216216
0.121621621621622
0.121621621621622
0.12972972972973
0.137837837837838
0.121621621621622
0.135135135135135
0.145945945945946
0.182432432432432
0.206756756756757
0.22972972972973
0.247297297297297
0.260810810810811
0.260810810810811
0.275675675675676
0.287837837837838
0.278378378378378
0.304054054054054
0.32027027027027
0.352702702702703
0.360810810810811
0.363513513513514
0.398648648648649
0.412162162162162
0.42972972972973
0.431081081081081
0.445945945945946
0.452702702702703
0.471621621621622
0.483783783783784
0.495945945945946
0.5
0.510810810810811
0.527027027027027
0.537837837837838
0.563513513513514
0.543243243243243
0.589189189189189
0.618918918918919
0.643243243243243
0.636486486486487
0.671621621621622
0.668918918918919
0.662162162162162
0.698648648648649
0.702702702702703
0.704054054054054
0.740540540540541
0.72972972972973
0.724324324324324
0.727027027027027
0.766216216216216
0.772972972972973
0.781081081081081
0.828378378378378
0.821621621621622
0.833783783783784
0.843243243243243
0.883783783783784
0.9
0.913513513513514
0.916216216216216
0.948648648648649
0.944594594594595
0.955405405405405
0.954054054054054
0.951351351351351
0.943243243243243
0.936486486486486
0.945945945945946
0.948648648648649
0.936486486486486
0.95
0.955405405405405
0.954054054054054
0.954054054054054
0.97027027027027
0.982432432432432
0.991891891891892
0.991891891891892
0.997297297297297
0.997297297297297
0.998648648648649
0.998648648648649
1
1
1
1
1
1
1
1
