0
0.3
0.351351351351351
0.401351351351351
0.448648648648649
0.468918918918919
0.52027027027027
0.562162162162162
0.582432432432432
0.602702702702703
0.644594594594595
0.689189189189189
0.705405405405405
0.693243243243243
0.708108108108108
0.732432432432432
0.762162162162162
0.783783783783784
0.787837837837838
0.818918918918919
0.827027027027027
0.847297297297297
0.871621621621622
0.878378378378378
0.889189189189189
0.889189189189189
0.881081081081081
0.908108108108108
0.925675675675676
0.939189189189189
0.952702702702703
0.958108108108108
0.960810810810811
0.975675675675676
0.977027027027027
0.981081081081081
0.97027027027027
0.971621621621622
0.991891891891892
0.993243243243243
0.997297297297297
0.998648648648649
1
1
1
1
1
1
1
1
1
1
1
1
1
1
1
1
1
1
1
1
1
1
1
1
1
1
1
1
1
1
1
1
1
1
1
1
1
1
1
1
1
1
1
1
1
1
1
1
1
1
1
1
1
