0
0.2
0.191891891891892
0.222972972972973
0.236486486486486
0.243243243243243
0.239189189189189
0.240540540540541
0.240540540540541
0.251351351351351
0.258108108108108
0.266216216216216
0.27027027027027
0.291891891891892
0.302702702702703
0.317567567567568
0.324324324324324
0.37027027027027
0.37027027027027
0.390540540540541
0.416216216216216
0.416216216216216
0.433783783783784
0.435135135135135
0.437837837837838
0.444594594594595
0.417567567567568
0.451351351351351
0.485135135135135
0.495945945945946
0.517567567567568
0.52027027027027
0.543243243243243
0.535135135135135
0.524324324324324
0.509459459459459
0.537837837837838
0.55
0.564864864864865
0.605405405405405
0.62972972972973
0.671621621621622
0.685135135135135
0.685135135135135
0.693243243243243
0.691891891891892
0.691891891891892
0.716216216216216
0.710810810810811
0.724324324324324
0.748648648648649
0.743243243243243
0.767567567567568
0.789189189189189
0.801351351351351
0.824324324324324
0.813513513513514
0.801351351351351
0.802702702702703
0.841891891891892
0.875675675675676
0.898648648648649
0.901351351351351
0.914864864864865
0.894594594594595
0.887837837837838
0.885135135135135
0.874324324324324
0.887837837837838
0.910810810810811
0.916216216216216
0.921621621621622
0.92972972972973
0.936486486486486
0.945945945945946
0.951351351351351
0.955405405405405
0.939189189189189
0.936486486486486
0.952702702702703
0.95
0.968918918918919
0.978378378378378
0.982432432432432
0.985135135135135
0.982432432432432
0.986486486486487
0.990540540540541
0.991891891891892
0.993243243243243
0.991891891891892
0.995945945945946
0.998648648648649
0.998648648648649
1
