0
0.5
0.501351351351351
0.528378378378378
0.618918918918919
0.710810810810811
0.767567567567568
0.787837837837838
0.82972972972973
0.856756756756757
0.890540540540541
0.910810810810811
0.925675675675676
0.936486486486486
0.951351351351351
0.972972972972973
0.982432432432432
0.985135135135135
0.985135135135135
0.991891891891892
0.993243243243243
0.993243243243243
1
1
1
1
1
1
1
1
1
1
1
1
1
1
1
1
1
1
1
1
1
1
1
1
1
1
1
1
1
1
1
1
1
1
1
1
1
1
1
1
1
1
1
1
1
1
1
1
1
1
1
1
1
1
1
1
1
1
1
1
1
1
1
1
1
1
1
1
1
1
1
1
1
