0
0.2
0.185135135135135
0.206756756756757
0.22972972972973
0.241891891891892
0.241891891891892
0.239189189189189
0.267567567567568
0.27027027027027
0.277027027027027
0.301351351351351
0.339189189189189
0.352702702702703
0.381081081081081
0.437837837837838
0.462162162162162
0.464864864864865
0.504054054054054
0.535135135135135
0.543243243243243
0.577027027027027
0.593243243243243
0.62972972972973
0.644594594594595
0.683783783783784
0.695945945945946
0.675675675675676
0.690540540540541
0.682432432432432
0.701351351351351
0.701351351351351
0.745945945945946
0.760810810810811
0.77972972972973
0.789189189189189
0.802702702702703
0.809459459459459
0.825675675675676
0.835135135135135
0.836486486486486
0.837837837837838
0.855405405405405
0.836486486486486
0.863513513513513
0.855405405405405
0.855405405405405
0.871621621621622
0.887837837837838
0.891891891891892
0.918918918918919
0.932432432432432
0.939189189189189
0.941891891891892
0.948648648648649
0.943243243243243
0.956756756756757
0.963513513513514
0.972972972972973
0.982432432432432
0.982432432432432
0.985135135135135
0.982432432432432
0.97972972972973
0.981081081081081
0.975675675675676
0.981081081081081
0.987837837837838
0.985135135135135
0.989189189189189
0.990540540540541
0.991891891891892
0.991891891891892
0.990540540540541
0.994594594594595
0.997297297297297
0.997297297297297
1
1
1
1
1
1
1
1
1
1
1
1
1
1
1
1
1
1
