0
0.5
0.494594594594595
0.574324324324324
0.641891891891892
0.706756756756757
0.781081081081081
0.822972972972973
0.872972972972973
0.897297297297297
0.927027027027027
0.941891891891892
0.95
0.960810810810811
0.967567567567568
0.971621621621622
0.972972972972973
0.975675675675676
0.97972972972973
0.981081081081081
0.983783783783784
0.981081081081081
0.990540540540541
0.993243243243243
0.991891891891892
0.993243243243243
0.994594594594595
0.995945945945946
0.997297297297297
0.998648648648649
1
1
1
1
1
1
1
1
1
1
1
1
1
1
1
1
1
1
1
1
1
1
1
1
1
1
1
1
1
1
1
1
1
1
1
1
1
1
1
1
1
1
1
1
1
1
1
1
1
1
1
1
1
1
1
1
1
1
1
1
1
1
1
1
1
