0
0.3
0.331081081081081
0.402702702702703
0.485135135135135
0.560810810810811
0.6
0.659459459459459
0.716216216216216
0.766216216216216
0.808108108108108
0.85
0.874324324324324
0.87972972972973
0.921621621621622
0.951351351351351
0.974324324324324
0.978378378378378
0.983783783783784
0.990540540540541
0.987837837837838
0.991891891891892
0.993243243243243
0.991891891891892
0.998648648648649
0.998648648648649
0.998648648648649
0.998648648648649
0.998648648648649
1
1
1
1
1
1
1
1
1
1
1
1
1
1
1
1
1
1
1
1
1
1
1
1
1
1
1
1
1
1
1
1
1
1
1
1
1
1
1
1
1
1
1
1
1
1
1
1
1
1
1
1
1
1
1
1
1
1
1
1
1
1
1
1
1
1
