0
0.2
0.214864864864865
0.240540540540541
0.308108108108108
0.408108108108108
0.441891891891892
0.486486486486487
0.531081081081081
0.6
0.690540540540541
0.733783783783784
0.785135135135135
0.840540540540541
0.851351351351351
0.860810810810811
0.891891891891892
0.908108108108108
0.916216216216216
0.947297297297297
0.964864864864865
0.971621621621622
0.982432432432432
0.981081081081081
0.987837837837838
0.991891891891892
0.995945945945946
1
1
1
1
1
1
1
1
1
1
1
1
1
1
1
1
1
1
1
1
1
1
1
1
1
1
1
1
1
1
1
1
1
1
1
1
1
1
1
1
1
1
1
1
1
1
1
1
1
1
1
1
1
1
1
1
1
1
1
1
1
1
1
1
1
1
1
1
