0
0.2
0.254054054054054
0.368918918918919
0.463513513513513
0.563513513513514
0.647297297297297
0.724324324324324
0.782432432432432
0.833783783783784
0.874324324324324
0.902702702702703
0.935135135135135
0.951351351351351
0.944594594594595
0.972972972972973
0.985135135135135
0.982432432432432
0.986486486486487
0.986486486486487
0.989189189189189
0.987837837837838
0.994594594594595
1
1
1
1
1
1
1
1
1
1
1
1
1
1
1
1
1
1
1
1
1
1
1
1
1
1
1
1
1
1
1
1
1
1
1
1
1
1
1
1
1
1
1
1
1
1
1
1
1
1
1
1
1
1
1
1
1
1
1
1
1
1
1
1
1
1
1
1
1
1
1
1
