0
0.4
0.424324324324324
0.624324324324324
0.781081081081081
0.875675675675676
0.92972972972973
0.956756756756757
0.966216216216216
0.975675675675676
0.987837837837838
0.993243243243243
0.998648648648649
0.998648648648649
0.997297297297297
0.998648648648649
0.998648648648649
0.998648648648649
0.998648648648649
0.998648648648649
0.998648648648649
0.997297297297297
0.997297297297297
1
1
1
1
1
1
1
1
1
1
1
1
1
1
1
1
1
1
1
1
1
1
1
1
1
1
1
1
1
1
1
1
1
1
1
1
1
1
1
1
1
1
1
1
1
1
1
1
1
1
1
1
1
1
1
1
1
1
1
1
1
1
1
1
1
1
1
1
1
1
1
1
