0
0.5
0.5
0.547297297297297
0.618918918918919
0.660810810810811
0.674324324324324
0.739189189189189
0.759459459459459
0.816216216216216
0.837837837837838
0.864864864864865
0.881081081081081
0.908108108108108
0.931081081081081
0.939189189189189
0.945945945945946
0.947297297297297
0.955405405405405
0.964864864864865
0.97027027027027
0.963513513513514
0.966216216216216
0.968918918918919
0.972972972972973
0.978378378378378
0.983783783783784
0.985135135135135
0.989189189189189
0.986486486486487
0.983783783783784
0.985135135135135
0.989189189189189
0.993243243243243
0.994594594594595
0.994594594594595
0.995945945945946
0.994594594594595
0.997297297297297
0.998648648648649
0.995945945945946
0.995945945945946
0.994594594594595
0.997297297297297
0.997297297297297
0.995945945945946
0.995945945945946
0.998648648648649
0.998648648648649
1
1
1
1
1
1
1
1
1
1
1
1
1
1
1
1
1
1
1
1
1
1
1
1
1
1
1
1
1
1
1
1
1
1
1
1
1
1
1
1
1
1
1
1
1
1
