0
0.3
0.347297297297297
0.412162162162162
0.490540540540541
0.552702702702703
0.652702702702703
0.728378378378378
0.781081081081081
0.832432432432432
0.877027027027027
0.910810810810811
0.936486486486486
0.937837837837838
0.959459459459459
0.966216216216216
0.975675675675676
0.985135135135135
0.978378378378378
0.981081081081081
0.983783783783784
0.991891891891892
0.993243243243243
0.995945945945946
0.995945945945946
0.997297297297297
0.997297297297297
0.998648648648649
1
1
1
1
1
1
1
1
1
1
1
1
1
1
1
1
1
1
1
1
1
1
1
1
1
1
1
1
1
1
1
1
1
1
1
1
1
1
1
1
1
1
1
1
1
1
1
1
1
1
1
1
1
1
1
1
1
1
1
1
1
1
1
1
1
1
1
