0
0.2
0.214864864864865
0.216216216216216
0.243243243243243
0.263513513513513
0.281081081081081
0.283783783783784
0.304054054054054
0.291891891891892
0.309459459459459
0.328378378378378
0.337837837837838
0.358108108108108
0.364864864864865
0.366216216216216
0.387837837837838
0.4
0.418918918918919
0.462162162162162
0.506756756756757
0.563513513513514
0.575675675675676
0.631081081081081
0.663513513513514
0.691891891891892
0.732432432432432
0.740540540540541
0.775675675675676
0.786486486486486
0.793243243243243
0.831081081081081
0.839189189189189
0.843243243243243
0.851351351351351
0.844594594594595
0.882432432432432
0.908108108108108
0.92972972972973
0.925675675675676
0.932432432432432
0.933783783783784
0.928378378378378
0.931081081081081
0.927027027027027
0.933783783783784
0.924324324324324
0.945945945945946
0.975675675675676
0.983783783783784
0.982432432432432
0.990540540540541
0.994594594594595
0.998648648648649
0.997297297297297
0.997297297297297
0.997297297297297
0.998648648648649
1
1
1
1
1
1
1
1
1
1
1
1
1
1
1
1
1
1
1
1
1
1
1
1
1
1
1
1
1
1
1
1
1
1
1
1
1
