0
0.2
0.25
0.291891891891892
0.390540540540541
0.47972972972973
0.586486486486486
0.641891891891892
0.693243243243243
0.77027027027027
0.821621621621622
0.862162162162162
0.904054054054054
0.92027027027027
0.940540540540541
0.964864864864865
0.983783783783784
0.986486486486487
0.987837837837838
0.986486486486487
0.987837837837838
0.993243243243243
0.990540540540541
0.991891891891892
0.994594594594595
0.994594594594595
0.991891891891892
0.994594594594595
0.997297297297297
1
1
1
1
1
1
1
1
1
1
1
1
1
1
1
1
1
1
1
1
1
1
1
1
1
1
1
1
1
1
1
1
1
1
1
1
1
1
1
1
1
1
1
1
1
1
1
1
1
1
1
1
1
1
1
1
1
1
1
1
1
1
1
1
1
1
