0
0.5
0.504054054054054
0.533783783783784
0.590540540540541
0.658108108108108
0.727027027027027
0.781081081081081
0.786486486486486
0.798648648648649
0.835135135135135
0.860810810810811
0.882432432432432
0.905405405405405
0.922972972972973
0.937837837837838
0.947297297297297
0.941891891891892
0.952702702702703
0.968918918918919
0.974324324324324
0.981081081081081
0.97972972972973
0.982432432432432
0.983783783783784
0.983783783783784
0.990540540540541
0.989189189189189
0.986486486486487
0.987837837837838
0.990540540540541
0.993243243243243
0.995945945945946
0.994594594594595
0.997297297297297
0.997297297297297
1
1
1
1
1
1
1
1
1
1
1
1
1
1
1
1
1
1
1
1
1
1
1
1
1
1
1
1
1
1
1
1
1
1
1
1
1
1
1
1
1
1
1
1
1
1
1
1
1
1
1
1
1
1
1
1
1
1
1
