0
0.2
0.22027027027027
0.255405405405405
0.283783783783784
0.335135135135135
0.389189189189189
0.414864864864865
0.486486486486487
0.522972972972973
0.595945945945946
0.640540540540541
0.664864864864865
0.705405405405405
0.736486486486487
0.781081081081081
0.833783783783784
0.848648648648649
0.848648648648649
0.851351351351351
0.87972972972973
0.909459459459459
0.895945945945946
0.887837837837838
0.928378378378378
0.935135135135135
0.937837837837838
0.940540540540541
0.928378378378378
0.947297297297297
0.958108108108108
0.978378378378378
0.975675675675676
0.97972972972973
0.990540540540541
0.990540540540541
0.990540540540541
0.994594594594595
0.998648648648649
0.997297297297297
0.998648648648649
0.998648648648649
0.998648648648649
1
1
1
1
1
1
1
1
1
1
1
1
1
1
1
1
1
1
1
1
1
1
1
1
1
1
1
1
1
1
1
1
1
1
1
1
1
1
1
1
1
1
1
1
1
1
1
1
1
1
1
1
