0
0.2
0.237837837837838
0.293243243243243
0.306756756756757
0.352702702702703
0.393243243243243
0.42027027027027
0.454054054054054
0.495945945945946
0.566216216216216
0.559459459459459
0.593243243243243
0.62972972972973
0.659459459459459
0.691891891891892
0.743243243243243
0.774324324324324
0.804054054054054
0.833783783783784
0.844594594594595
0.864864864864865
0.872972972972973
0.890540540540541
0.921621621621622
0.928378378378378
0.943243243243243
0.945945945945946
0.954054054054054
0.962162162162162
0.959459459459459
0.97027027027027
0.97027027027027
0.97027027027027
0.968918918918919
0.982432432432432
0.993243243243243
0.990540540540541
0.987837837837838
0.995945945945946
1
1
1
1
1
1
1
1
1
1
1
1
1
1
1
1
1
1
1
1
1
1
1
1
1
1
1
1
1
1
1
1
1
1
1
1
1
1
1
1
1
1
1
1
1
1
1
1
1
1
1
1
1
1
1
