0
0.5
0.497297297297297
0.527027027027027
0.533783783783784
0.564864864864865
0.563513513513514
0.602702702702703
0.640540540540541
0.655405405405405
0.671621621621622
0.664864864864865
0.697297297297297
0.701351351351351
0.705405405405405
0.687837837837838
0.704054054054054
0.714864864864865
0.704054054054054
0.721621621621622
0.735135135135135
0.745945945945946
0.752702702702703
0.725675675675676
0.728378378378378
0.739189189189189
0.763513513513513
0.778378378378378
0.806756756756757
0.806756756756757
0.797297297297297
0.798648648648649
0.808108108108108
0.797297297297297
0.804054054054054
0.797297297297297
0.818918918918919
0.824324324324324
0.851351351351351
0.872972972972973
0.878378378378378
0.889189189189189
0.910810810810811
0.908108108108108
0.933783783783784
0.937837837837838
0.951351351351351
0.945945945945946
0.932432432432432
0.937837837837838
0.952702702702703
0.958108108108108
0.962162162162162
0.971621621621622
0.977027027027027
0.968918918918919
0.967567567567568
0.964864864864865
0.972972972972973
0.978378378378378
0.981081081081081
0.986486486486487
0.994594594594595
0.990540540540541
0.995945945945946
0.995945945945946
0.998648648648649
0.997297297297297
0.994594594594595
0.997297297297297
0.995945945945946
1
1
1
1
1
1
1
1
1
1
1
1
1
1
1
1
1
1
1
1
1
1
1
1
