0
0.3
0.325675675675676
0.363513513513514
0.414864864864865
0.444594594594595
0.459459459459459
0.468918918918919
0.487837837837838
0.522972972972973
0.558108108108108
0.632432432432432
0.660810810810811
0.640540540540541
0.668918918918919
0.682432432432432
0.694594594594595
0.714864864864865
0.751351351351351
0.778378378378378
0.798648648648649
0.816216216216216
0.810810810810811
0.818918918918919
0.841891891891892
0.859459459459459
0.85
0.856756756756757
0.886486486486487
0.910810810810811
0.902702702702703
0.905405405405405
0.925675675675676
0.924324324324324
0.92972972972973
0.951351351351351
0.937837837837838
0.941891891891892
0.935135135135135
0.95
0.95
0.963513513513514
0.964864864864865
0.958108108108108
0.956756756756757
0.954054054054054
0.960810810810811
0.967567567567568
0.975675675675676
0.975675675675676
0.971621621621622
0.971621621621622
0.964864864864865
0.968918918918919
0.977027027027027
0.978378378378378
0.97972972972973
0.97972972972973
0.983783783783784
0.981081081081081
0.975675675675676
0.964864864864865
0.975675675675676
0.981081081081081
0.981081081081081
0.971621621621622
0.962162162162162
0.978378378378378
0.974324324324324
0.972972972972973
0.97027027027027
0.971621621621622
0.97027027027027
0.975675675675676
0.978378378378378
0.97972972972973
0.977027027027027
0.978378378378378
0.991891891891892
0.995945945945946
0.995945945945946
0.995945945945946
1
1
1
1
1
1
1
1
1
1
1
1
1
