0
0.2
0.2
0.201351351351351
0.201351351351351
0.198648648648649
0.228378378378378
0.251351351351351
0.266216216216216
0.277027027027027
0.286486486486487
0.301351351351351
0.318918918918919
0.347297297297297
0.371621621621622
0.404054054054054
0.435135135135135
0.425675675675676
0.443243243243243
0.463513513513513
0.455405405405405
0.440540540540541
0.47027027027027
0.5
0.504054054054054
0.518918918918919
0.547297297297297
0.555405405405405
0.594594594594595
0.616216216216216
0.655405405405405
0.656756756756757
0.668918918918919
0.671621621621622
0.678378378378378
0.698648648648649
0.736486486486487
0.731081081081081
0.733783783783784
0.760810810810811
0.775675675675676
0.791891891891892
0.805405405405405
0.801351351351351
0.805405405405405
0.843243243243243
0.833783783783784
0.844594594594595
0.85
0.860810810810811
0.864864864864865
0.866216216216216
0.866216216216216
0.875675675675676
0.877027027027027
0.887837837837838
0.897297297297297
0.905405405405405
0.906756756756757
0.918918918918919
0.909459459459459
0.910810810810811
0.901351351351351
0.893243243243243
0.905405405405405
0.904054054054054
0.910810810810811
0.925675675675676
0.932432432432432
0.935135135135135
0.914864864864865
0.913513513513514
0.908108108108108
0.908108108108108
0.916216216216216
0.921621621621622
0.914864864864865
0.913513513513514
0.928378378378378
0.932432432432432
0.92972972972973
0.940540540540541
0.962162162162162
0.971621621621622
0.974324324324324
0.977027027027027
0.983783783783784
0.982432432432432
0.977027027027027
0.981081081081081
0.993243243243243
0.994594594594595
0.994594594594595
0.995945945945946
0.997297297297297
