0
0.5
0.527027027027027
0.598648648648649
0.668918918918919
0.687837837837838
0.743243243243243
0.758108108108108
0.809459459459459
0.837837837837838
0.859459459459459
0.902702702702703
0.914864864864865
0.932432432432432
0.935135135135135
0.944594594594595
0.95
0.959459459459459
0.975675675675676
0.983783783783784
0.989189189189189
0.986486486486487
0.987837837837838
0.994594594594595
0.995945945945946
0.995945945945946
0.995945945945946
0.995945945945946
0.995945945945946
0.995945945945946
0.998648648648649
0.997297297297297
1
1
1
1
1
1
1
1
1
1
1
1
1
1
1
1
1
1
1
1
1
1
1
1
1
1
1
1
1
1
1
1
1
1
1
1
1
1
1
1
1
1
1
1
1
1
1
1
1
1
1
1
1
1
1
1
1
1
1
1
1
1
1
