0
0.1
0.121176470588235
0.154117647058824
0.188235294117647
0.221176470588235
0.245882352941176
0.282352941176471
0.343529411764706
0.401176470588235
0.461176470588235
0.549411764705882
0.585882352941177
0.661176470588235
0.684705882352941
0.684705882352941
0.768235294117647
0.832941176470588
0.861176470588235
0.890588235294118
0.910588235294118
0.921176470588235
0.929411764705882
0.94
0.958823529411765
0.962352941176471
0.978823529411765
0.985882352941176
0.989411764705882
0.992941176470588
0.992941176470588
0.994117647058824
0.994117647058824
0.995294117647059
0.998823529411765
1
1
1
1
1
1
1
1
1
1
1
1
1
1
1
1
1
1
1
1
1
1
1
1
1
1
1
1
1
1
1
1
1
1
1
1
1
1
1
1
1
1
1
1
1
1
1
1
1
1
1
1
1
1
1
1
1
1
1
1
