0
0.2
0.236470588235294
0.258823529411765
0.275294117647059
0.297647058823529
0.327058823529412
0.350588235294118
0.42
0.429411764705882
0.455294117647059
0.505882352941176
0.507058823529412
0.516470588235294
0.543529411764706
0.556470588235294
0.558823529411765
0.592941176470588
0.594117647058824
0.615294117647059
0.656470588235294
0.668235294117647
0.707058823529412
0.729411764705882
0.745882352941176
0.788235294117647
0.832941176470588
0.842352941176471
0.851764705882353
0.850588235294118
0.894117647058824
0.892941176470588
0.902352941176471
0.914117647058823
0.934117647058823
0.945882352941177
0.969411764705882
0.98
0.977647058823529
0.987058823529412
0.987058823529412
0.985882352941176
0.987058823529412
0.985882352941176
0.98
0.984705882352941
0.989411764705882
0.991764705882353
0.989411764705882
0.985882352941176
0.990588235294118
0.988235294117647
0.996470588235294
0.995294117647059
0.996470588235294
0.997647058823529
0.996470588235294
0.998823529411765
0.998823529411765
0.998823529411765
1
1
1
1
1
1
1
1
1
1
1
1
1
1
1
1
1
1
1
1
1
1
1
1
1
1
1
1
1
1
1
1
1
1
1
