0
0.4
0.409411764705882
0.496470588235294
0.554117647058823
0.634117647058824
0.688235294117647
0.732941176470588
0.792941176470588
0.831764705882353
0.868235294117647
0.903529411764706
0.930588235294118
0.928235294117647
0.943529411764706
0.962352941176471
0.962352941176471
0.975294117647059
0.978823529411765
0.990588235294118
0.995294117647059
0.996470588235294
0.996470588235294
0.998823529411765
1
1
1
1
1
1
1
1
1
1
1
1
1
1
1
1
1
1
1
1
1
1
1
1
1
1
1
1
1
1
1
1
1
1
1
1
1
1
1
1
1
1
1
1
1
1
1
1
1
1
1
1
1
1
1
1
1
1
1
1
1
1
1
1
1
1
1
1
1
1
1
