0
0.4
0.397647058823529
0.403529411764706
0.382352941176471
0.370588235294118
0.382352941176471
0.42
0.42
0.457647058823529
0.481176470588235
0.455294117647059
0.489411764705882
0.497647058823529
0.477647058823529
0.502352941176471
0.477647058823529
0.496470588235294
0.5
0.515294117647059
0.501176470588235
0.505882352941176
0.532941176470588
0.543529411764706
0.58
0.607058823529412
0.591764705882353
0.605882352941176
0.628235294117647
0.642352941176471
0.668235294117647
0.66
0.643529411764706
0.661176470588235
0.662352941176471
0.667058823529412
0.695294117647059
0.714117647058824
0.722352941176471
0.742352941176471
0.782352941176471
0.807058823529412
0.810588235294118
0.809411764705882
0.816470588235294
0.821176470588235
0.818823529411765
0.843529411764706
0.842352941176471
0.865882352941176
0.878823529411765
0.895294117647059
0.892941176470588
0.884705882352941
0.911764705882353
0.922352941176471
0.910588235294118
0.910588235294118
0.912941176470588
0.928235294117647
0.927058823529412
0.943529411764706
0.958823529411765
0.969411764705882
0.977647058823529
0.970588235294118
0.975294117647059
0.98
0.977647058823529
0.983529411764706
0.972941176470588
0.969411764705882
0.975294117647059
0.981176470588235
0.971764705882353
0.983529411764706
0.978823529411765
0.983529411764706
0.987058823529412
0.990588235294118
0.983529411764706
0.977647058823529
0.988235294117647
0.989411764705882
0.990588235294118
0.987058823529412
0.984705882352941
0.983529411764706
0.982352941176471
0.985882352941176
0.994117647058824
0.992941176470588
0.991764705882353
0.994117647058824
0.995294117647059
