0
0.2
0.201176470588235
0.216470588235294
0.223529411764706
0.249411764705882
0.269411764705882
0.284705882352941
0.288235294117647
0.301176470588235
0.311764705882353
0.338823529411765
0.364705882352941
0.421176470588235
0.471764705882353
0.482352941176471
0.521176470588235
0.548235294117647
0.537647058823529
0.562352941176471
0.610588235294118
0.634117647058824
0.652941176470588
0.665882352941176
0.643529411764706
0.651764705882353
0.678823529411765
0.694117647058824
0.698823529411765
0.708235294117647
0.718823529411765
0.722352941176471
0.751764705882353
0.711764705882353
0.741176470588235
0.730588235294118
0.751764705882353
0.755294117647059
0.742352941176471
0.749411764705882
0.770588235294118
0.756470588235294
0.758823529411765
0.781176470588235
0.801176470588235
0.805882352941176
0.836470588235294
0.834117647058824
0.841176470588235
0.845882352941176
0.852941176470588
0.855294117647059
0.855294117647059
0.874117647058824
0.894117647058824
0.905882352941176
0.908235294117647
0.912941176470588
0.924705882352941
0.94
0.94
0.942352941176471
0.944705882352941
0.958823529411765
0.950588235294118
0.948235294117647
0.958823529411765
0.96
0.958823529411765
0.968235294117647
0.962352941176471
0.970588235294118
0.965882352941177
0.974117647058824
0.961176470588235
0.967058823529412
0.978823529411765
0.974117647058824
0.982352941176471
0.976470588235294
0.98
0.982352941176471
0.98
0.982352941176471
0.985882352941176
0.990588235294118
0.992941176470588
0.991764705882353
0.989411764705882
0.990588235294118
0.984705882352941
0.985882352941176
0.98
0.978823529411765
0.975294117647059
