0
0.4
0.423529411764706
0.484705882352941
0.550588235294118
0.598823529411765
0.664705882352941
0.742352941176471
0.792941176470588
0.812941176470588
0.856470588235294
0.890588235294118
0.908235294117647
0.941176470588235
0.949411764705882
0.967058823529412
0.975294117647059
0.983529411764706
0.985882352941176
0.987058823529412
0.991764705882353
0.995294117647059
0.996470588235294
0.997647058823529
1
1
1
1
1
1
1
1
1
1
1
1
1
1
1
1
1
1
1
1
1
1
1
1
1
1
1
1
1
1
1
1
1
1
1
1
1
1
1
1
1
1
1
1
1
1
1
1
1
1
1
1
1
1
1
1
1
1
1
1
1
1
1
1
1
1
1
1
1
1
1
