0
0.2
0.258823529411765
0.347058823529412
0.445882352941176
0.565882352941177
0.670588235294118
0.764705882352941
0.832941176470588
0.884705882352941
0.905882352941176
0.942352941176471
0.938823529411765
0.948235294117647
0.970588235294118
0.972941176470588
0.98
0.982352941176471
0.982352941176471
0.982352941176471
0.990588235294118
0.995294117647059
0.992941176470588
0.996470588235294
0.997647058823529
0.998823529411765
1
1
1
1
1
1
1
1
1
1
1
1
1
1
1
1
1
1
1
1
1
1
1
1
1
1
1
1
1
1
1
1
1
1
1
1
1
1
1
1
1
1
1
1
1
1
1
1
1
1
1
1
1
1
1
1
1
1
1
1
1
1
1
1
1
1
1
1
1
