0
0.1
0.125882352941176
0.184705882352941
0.275294117647059
0.415294117647059
0.528235294117647
0.612941176470588
0.690588235294118
0.750588235294118
0.831764705882353
0.887058823529412
0.925882352941176
0.957647058823529
0.963529411764706
0.982352941176471
0.987058823529412
0.994117647058824
0.997647058823529
0.994117647058824
0.996470588235294
0.995294117647059
0.996470588235294
0.997647058823529
1
1
1
1
1
1
1
1
1
1
1
1
1
1
1
1
1
1
1
1
1
1
1
1
1
1
1
1
1
1
1
1
1
1
1
1
1
1
1
1
1
1
1
1
1
1
1
1
1
1
1
1
1
1
1
1
1
1
1
1
1
1
1
1
1
1
1
1
1
1
1
