0
0.3
0.345882352941176
0.394117647058824
0.405882352941176
0.449411764705882
0.521176470588235
0.58
0.629411764705882
0.667058823529412
0.664705882352941
0.676470588235294
0.748235294117647
0.772941176470588
0.801176470588235
0.82
0.832941176470588
0.849411764705882
0.881176470588235
0.902352941176471
0.929411764705882
0.929411764705882
0.956470588235294
0.961176470588235
0.971764705882353
0.965882352941177
0.972941176470588
0.984705882352941
0.989411764705882
0.995294117647059
0.992941176470588
0.995294117647059
1
1
1
1
1
1
1
1
1
1
1
1
1
1
1
1
1
1
1
1
1
1
1
1
1
1
1
1
1
1
1
1
1
1
1
1
1
1
1
1
1
1
1
1
1
1
1
1
1
1
1
1
1
1
1
1
1
1
1
1
1
1
1
