0
0.1
0.114117647058824
0.125882352941176
0.154117647058824
0.157647058823529
0.182352941176471
0.178823529411765
0.210588235294118
0.221176470588235
0.236470588235294
0.258823529411765
0.298823529411765
0.327058823529412
0.332941176470588
0.392941176470588
0.424705882352941
0.437647058823529
0.463529411764706
0.487058823529412
0.501176470588235
0.524705882352941
0.536470588235294
0.565882352941177
0.58
0.610588235294118
0.648235294117647
0.676470588235294
0.68
0.710588235294118
0.725882352941176
0.731764705882353
0.755294117647059
0.772941176470588
0.795294117647059
0.811764705882353
0.818823529411765
0.831764705882353
0.852941176470588
0.857647058823529
0.870588235294118
0.882352941176471
0.901176470588235
0.905882352941176
0.922352941176471
0.923529411764706
0.925882352941176
0.942352941176471
0.938823529411765
0.943529411764706
0.932941176470588
0.943529411764706
0.938823529411765
0.938823529411765
0.930588235294118
0.94
0.948235294117647
0.957647058823529
0.964705882352941
0.968235294117647
0.964705882352941
0.977647058823529
0.984705882352941
0.988235294117647
0.988235294117647
0.992941176470588
0.994117647058824
0.988235294117647
0.988235294117647
0.991764705882353
0.992941176470588
0.988235294117647
0.989411764705882
0.991764705882353
0.997647058823529
0.994117647058824
0.992941176470588
0.995294117647059
0.996470588235294
0.995294117647059
0.998823529411765
1
1
1
1
1
1
1
1
1
1
1
1
1
1
