0
0.3
0.302352941176471
0.287058823529412
0.295294117647059
0.289411764705882
0.309411764705882
0.328235294117647
0.312941176470588
0.330588235294118
0.354117647058824
0.369411764705882
0.392941176470588
0.42
0.458823529411765
0.438823529411765
0.445882352941176
0.444705882352941
0.462352941176471
0.504705882352941
0.521176470588235
0.545882352941176
0.537647058823529
0.554117647058823
0.564705882352941
0.571764705882353
0.555294117647059
0.561176470588235
0.615294117647059
0.635294117647059
0.655294117647059
0.675294117647059
0.684705882352941
0.695294117647059
0.678823529411765
0.714117647058824
0.74
0.754117647058824
0.778823529411765
0.792941176470588
0.812941176470588
0.814117647058824
0.811764705882353
0.817647058823529
0.821176470588235
0.847058823529412
0.856470588235294
0.872941176470588
0.895294117647059
0.902352941176471
0.905882352941176
0.92
0.910588235294118
0.916470588235294
0.922352941176471
0.924705882352941
0.928235294117647
0.935294117647059
0.944705882352941
0.947058823529412
0.947058823529412
0.944705882352941
0.955294117647059
0.956470588235294
0.957647058823529
0.964705882352941
0.971764705882353
0.972941176470588
0.962352941176471
0.964705882352941
0.96
0.963529411764706
0.961176470588235
0.967058823529412
0.975294117647059
0.976470588235294
0.976470588235294
0.972941176470588
0.976470588235294
0.981176470588235
0.978823529411765
0.971764705882353
0.975294117647059
0.970588235294118
0.978823529411765
0.98
0.983529411764706
0.98
0.983529411764706
0.989411764705882
0.985882352941176
0.987058823529412
0.989411764705882
0.988235294117647
0.990588235294118
