0
0.2
0.221176470588235
0.247058823529412
0.268235294117647
0.294117647058824
0.315294117647059
0.334117647058824
0.38
0.391764705882353
0.414117647058824
0.451764705882353
0.46
0.485882352941176
0.503529411764706
0.550588235294118
0.551764705882353
0.572941176470588
0.625882352941176
0.677647058823529
0.689411764705882
0.728235294117647
0.750588235294118
0.756470588235294
0.78
0.796470588235294
0.827058823529412
0.830588235294118
0.825882352941177
0.842352941176471
0.848235294117647
0.869411764705882
0.887058823529412
0.881176470588235
0.914117647058823
0.916470588235294
0.917647058823529
0.927058823529412
0.930588235294118
0.932941176470588
0.934117647058823
0.936470588235294
0.945882352941177
0.949411764705882
0.958823529411765
0.958823529411765
0.965882352941177
0.970588235294118
0.968235294117647
0.974117647058824
0.977647058823529
0.98
0.978823529411765
0.987058823529412
0.991764705882353
0.991764705882353
0.995294117647059
0.997647058823529
1
1
1
1
1
1
1
1
1
1
1
1
1
1
1
1
1
1
1
1
1
1
1
1
1
1
1
1
1
1
1
1
1
1
1
1
1
