0
0.5
0.494117647058824
0.521176470588235
0.547058823529412
0.551764705882353
0.564705882352941
0.570588235294118
0.572941176470588
0.594117647058824
0.622352941176471
0.638823529411765
0.652941176470588
0.627058823529412
0.665882352941176
0.671764705882353
0.678823529411765
0.681176470588235
0.674117647058823
0.688235294117647
0.703529411764706
0.707058823529412
0.722352941176471
0.745882352941176
0.750588235294118
0.76
0.765882352941176
0.782352941176471
0.78
0.789411764705882
0.790588235294118
0.792941176470588
0.822352941176471
0.830588235294118
0.817647058823529
0.832941176470588
0.831764705882353
0.842352941176471
0.858823529411765
0.874117647058824
0.876470588235294
0.88
0.872941176470588
0.874117647058824
0.871764705882353
0.875294117647059
0.864705882352941
0.894117647058824
0.891764705882353
0.887058823529412
0.9
0.912941176470588
0.917647058823529
0.9
0.901176470588235
0.9
0.902352941176471
0.901176470588235
0.898823529411765
0.911764705882353
0.916470588235294
0.921176470588235
0.930588235294118
0.94
0.949411764705882
0.963529411764706
0.970588235294118
0.974117647058824
0.983529411764706
0.992941176470588
0.996470588235294
0.995294117647059
0.994117647058824
0.994117647058824
0.996470588235294
0.995294117647059
0.992941176470588
0.989411764705882
0.992941176470588
0.996470588235294
0.995294117647059
0.995294117647059
0.992941176470588
0.992941176470588
0.996470588235294
0.997647058823529
0.998823529411765
0.997647058823529
0.998823529411765
1
1
1
1
1
1
