0
0.5
0.534117647058823
0.577647058823529
0.634117647058824
0.696470588235294
0.748235294117647
0.8
0.829411764705882
0.854117647058824
0.88
0.912941176470588
0.927058823529412
0.943529411764706
0.957647058823529
0.967058823529412
0.982352941176471
0.992941176470588
0.992941176470588
0.996470588235294
0.994117647058824
0.997647058823529
0.997647058823529
0.997647058823529
0.997647058823529
0.998823529411765
0.998823529411765
1
1
1
1
1
1
1
1
1
1
1
1
1
1
1
1
1
1
1
1
1
1
1
1
1
1
1
1
1
1
1
1
1
1
1
1
1
1
1
1
1
1
1
1
1
1
1
1
1
1
1
1
1
1
1
1
1
1
1
1
1
1
1
1
1
1
1
1
