0
0.3
0.308235294117647
0.304705882352941
0.301176470588235
0.289411764705882
0.287058823529412
0.318823529411765
0.34
0.374117647058824
0.364705882352941
0.394117647058824
0.418823529411765
0.436470588235294
0.443529411764706
0.416470588235294
0.404705882352941
0.42
0.437647058823529
0.432941176470588
0.456470588235294
0.504705882352941
0.509411764705882
0.5
0.502352941176471
0.505882352941176
0.545882352941176
0.529411764705882
0.550588235294118
0.555294117647059
0.563529411764706
0.598823529411765
0.621176470588235
0.625882352941176
0.649411764705882
0.662352941176471
0.692941176470588
0.707058823529412
0.727058823529412
0.722352941176471
0.736470588235294
0.775294117647059
0.775294117647059
0.787058823529412
0.815294117647059
0.823529411764706
0.84
0.851764705882353
0.876470588235294
0.877647058823529
0.891764705882353
0.897647058823529
0.898823529411765
0.891764705882353
0.901176470588235
0.888235294117647
0.907058823529412
0.901176470588235
0.908235294117647
0.922352941176471
0.931764705882353
0.934117647058823
0.936470588235294
0.938823529411765
0.947058823529412
0.945882352941177
0.961176470588235
0.969411764705882
0.958823529411765
0.96
0.962352941176471
0.958823529411765
0.968235294117647
0.976470588235294
0.974117647058824
0.964705882352941
0.970588235294118
0.987058823529412
0.984705882352941
0.985882352941176
0.988235294117647
0.982352941176471
0.981176470588235
0.982352941176471
0.984705882352941
0.985882352941176
0.988235294117647
0.984705882352941
0.991764705882353
0.994117647058824
0.994117647058824
0.994117647058824
0.992941176470588
0.990588235294118
0.995294117647059
