0
0.3
0.324705882352941
0.417647058823529
0.465882352941176
0.532941176470588
0.582352941176471
0.644705882352941
0.690588235294118
0.741176470588235
0.797647058823529
0.845882352941176
0.891764705882353
0.909411764705882
0.915294117647059
0.916470588235294
0.925882352941176
0.950588235294118
0.952941176470588
0.967058823529412
0.956470588235294
0.954117647058824
0.958823529411765
0.970588235294118
0.969411764705882
0.974117647058824
0.987058823529412
0.991764705882353
0.996470588235294
0.997647058823529
1
1
1
1
1
1
1
1
1
1
1
1
1
1
1
1
1
1
1
1
1
1
1
1
1
1
1
1
1
1
1
1
1
1
1
1
1
1
1
1
1
1
1
1
1
1
1
1
1
1
1
1
1
1
1
1
1
1
1
1
1
1
1
1
1
