0
0.2
0.228235294117647
0.294117647058824
0.372941176470588
0.449411764705882
0.517647058823529
0.621176470588235
0.7
0.732941176470588
0.785882352941176
0.825882352941177
0.863529411764706
0.9
0.924705882352941
0.952941176470588
0.975294117647059
0.978823529411765
0.984705882352941
0.991764705882353
0.990588235294118
0.994117647058824
0.997647058823529
0.998823529411765
0.998823529411765
1
1
1
1
1
1
1
1
1
1
1
1
1
1
1
1
1
1
1
1
1
1
1
1
1
1
1
1
1
1
1
1
1
1
1
1
1
1
1
1
1
1
1
1
1
1
1
1
1
1
1
1
1
1
1
1
1
1
1
1
1
1
1
1
1
1
1
1
1
1
