0
0.5
0.527058823529412
0.542352941176471
0.590588235294118
0.601176470588235
0.612941176470588
0.638823529411765
0.664705882352941
0.677647058823529
0.7
0.727058823529412
0.723529411764706
0.730588235294118
0.732941176470588
0.76
0.758823529411765
0.758823529411765
0.749411764705882
0.755294117647059
0.755294117647059
0.743529411764706
0.751764705882353
0.764705882352941
0.795294117647059
0.810588235294118
0.810588235294118
0.815294117647059
0.843529411764706
0.856470588235294
0.865882352941176
0.868235294117647
0.881176470588235
0.889411764705882
0.890588235294118
0.897647058823529
0.897647058823529
0.910588235294118
0.929411764705882
0.934117647058823
0.945882352941177
0.938823529411765
0.945882352941177
0.937647058823529
0.935294117647059
0.931764705882353
0.930588235294118
0.942352941176471
0.944705882352941
0.945882352941177
0.938823529411765
0.954117647058824
0.963529411764706
0.963529411764706
0.962352941176471
0.974117647058824
0.984705882352941
0.984705882352941
0.987058823529412
0.990588235294118
0.991764705882353
0.989411764705882
0.984705882352941
0.987058823529412
0.988235294117647
0.990588235294118
0.994117647058824
0.992941176470588
0.992941176470588
0.995294117647059
0.996470588235294
0.997647058823529
0.997647058823529
0.996470588235294
0.991764705882353
0.992941176470588
0.995294117647059
0.998823529411765
0.998823529411765
1
1
1
1
1
1
1
1
1
1
1
1
1
1
1
1
