0
0.1
0.14
0.217647058823529
0.289411764705882
0.388235294117647
0.497647058823529
0.622352941176471
0.704705882352941
0.796470588235294
0.854117647058824
0.892941176470588
0.929411764705882
0.948235294117647
0.957647058823529
0.970588235294118
0.982352941176471
0.989411764705882
0.988235294117647
0.992941176470588
0.991764705882353
0.994117647058824
0.996470588235294
0.996470588235294
0.996470588235294
0.995294117647059
1
1
1
1
1
1
1
1
1
1
1
1
1
1
1
1
1
1
1
1
1
1
1
1
1
1
1
1
1
1
1
1
1
1
1
1
1
1
1
1
1
1
1
1
1
1
1
1
1
1
1
1
1
1
1
1
1
1
1
1
1
1
1
1
1
1
1
1
1
