0
0.1
0.14
0.168235294117647
0.205882352941176
0.303529411764706
0.410588235294118
0.474117647058824
0.538823529411765
0.644705882352941
0.704705882352941
0.774117647058824
0.831764705882353
0.861176470588235
0.88
0.914117647058823
0.941176470588235
0.949411764705882
0.967058823529412
0.968235294117647
0.974117647058824
0.982352941176471
0.988235294117647
0.988235294117647
0.988235294117647
0.991764705882353
0.997647058823529
0.997647058823529
0.997647058823529
0.996470588235294
0.998823529411765
1
1
1
1
1
1
1
1
1
1
1
1
1
1
1
1
1
1
1
1
1
1
1
1
1
1
1
1
1
1
1
1
1
1
1
1
1
1
1
1
1
1
1
1
1
1
1
1
1
1
1
1
1
1
1
1
1
1
1
1
1
1
1
1
