0
0.4
0.395294117647059
0.435294117647059
0.478823529411765
0.534117647058823
0.544705882352941
0.541176470588235
0.589411764705882
0.608235294117647
0.607058823529412
0.624705882352941
0.657647058823529
0.698823529411765
0.725882352941176
0.745882352941176
0.76
0.782352941176471
0.802352941176471
0.82
0.829411764705882
0.842352941176471
0.86
0.874117647058824
0.88
0.894117647058824
0.895294117647059
0.9
0.910588235294118
0.922352941176471
0.931764705882353
0.944705882352941
0.96
0.961176470588235
0.963529411764706
0.968235294117647
0.968235294117647
0.954117647058824
0.956470588235294
0.947058823529412
0.948235294117647
0.944705882352941
0.952941176470588
0.96
0.964705882352941
0.965882352941177
0.956470588235294
0.962352941176471
0.971764705882353
0.978823529411765
0.974117647058824
0.983529411764706
0.982352941176471
0.984705882352941
0.985882352941176
0.985882352941176
0.991764705882353
0.996470588235294
0.997647058823529
1
1
1
1
1
1
1
1
1
1
1
1
1
1
1
1
1
1
1
1
1
1
1
1
1
1
1
1
1
1
1
1
1
1
1
1
