0
0.4
0.443529411764706
0.469411764705882
0.492941176470588
0.544705882352941
0.588235294117647
0.656470588235294
0.664705882352941
0.698823529411765
0.72
0.774117647058824
0.811764705882353
0.856470588235294
0.872941176470588
0.882352941176471
0.877647058823529
0.890588235294118
0.902352941176471
0.918823529411765
0.925882352941176
0.94
0.956470588235294
0.968235294117647
0.978823529411765
0.976470588235294
0.984705882352941
0.983529411764706
0.991764705882353
0.994117647058824
0.995294117647059
0.998823529411765
0.998823529411765
0.998823529411765
0.996470588235294
0.996470588235294
0.996470588235294
0.997647058823529
0.997647058823529
0.997647058823529
0.994117647058824
0.997647058823529
0.995294117647059
0.992941176470588
0.995294117647059
0.991764705882353
0.991764705882353
0.990588235294118
0.992941176470588
0.992941176470588
0.994117647058824
0.996470588235294
0.998823529411765
1
1
1
1
1
1
1
1
1
1
1
1
1
1
1
1
1
1
1
1
1
1
1
1
1
1
1
1
1
1
1
1
1
1
1
1
1
1
1
1
1
1
