0
0.4
0.410588235294118
0.423529411764706
0.456470588235294
0.461176470588235
0.467058823529412
0.491764705882353
0.505882352941176
0.488235294117647
0.515294117647059
0.495294117647059
0.527058823529412
0.538823529411765
0.530588235294118
0.54
0.595294117647059
0.618823529411765
0.615294117647059
0.647058823529412
0.675294117647059
0.694117647058824
0.696470588235294
0.724705882352941
0.738823529411765
0.764705882352941
0.771764705882353
0.761176470588235
0.750588235294118
0.761176470588235
0.783529411764706
0.767058823529412
0.770588235294118
0.776470588235294
0.792941176470588
0.809411764705882
0.808235294117647
0.811764705882353
0.832941176470588
0.843529411764706
0.832941176470588
0.865882352941176
0.872941176470588
0.890588235294118
0.894117647058824
0.896470588235294
0.895294117647059
0.895294117647059
0.881176470588235
0.905882352941176
0.9
0.896470588235294
0.887058823529412
0.901176470588235
0.909411764705882
0.896470588235294
0.902352941176471
0.895294117647059
0.902352941176471
0.891764705882353
0.876470588235294
0.882352941176471
0.897647058823529
0.896470588235294
0.891764705882353
0.895294117647059
0.905882352941176
0.922352941176471
0.934117647058823
0.944705882352941
0.931764705882353
0.921176470588235
0.924705882352941
0.923529411764706
0.925882352941176
0.934117647058823
0.942352941176471
0.948235294117647
0.952941176470588
0.956470588235294
0.956470588235294
0.965882352941177
0.968235294117647
0.971764705882353
0.983529411764706
0.982352941176471
0.978823529411765
0.984705882352941
0.978823529411765
0.982352941176471
0.990588235294118
0.985882352941176
0.983529411764706
0.981176470588235
0.98
