0
0.2
0.228235294117647
0.268235294117647
0.298823529411765
0.332941176470588
0.378823529411765
0.432941176470588
0.462352941176471
0.518823529411765
0.536470588235294
0.6
0.648235294117647
0.676470588235294
0.711764705882353
0.775294117647059
0.828235294117647
0.845882352941176
0.858823529411765
0.875294117647059
0.894117647058824
0.896470588235294
0.901176470588235
0.903529411764706
0.923529411764706
0.931764705882353
0.943529411764706
0.945882352941177
0.949411764705882
0.944705882352941
0.945882352941177
0.938823529411765
0.948235294117647
0.955294117647059
0.961176470588235
0.970588235294118
0.972941176470588
0.977647058823529
0.98
0.982352941176471
0.978823529411765
0.985882352941176
0.989411764705882
0.987058823529412
0.987058823529412
0.983529411764706
0.982352941176471
0.987058823529412
0.991764705882353
0.991764705882353
0.994117647058824
0.994117647058824
0.994117647058824
0.996470588235294
0.997647058823529
0.997647058823529
0.997647058823529
1
1
1
1
1
1
1
1
1
1
1
1
1
1
1
1
1
1
1
1
1
1
1
1
1
1
1
1
1
1
1
1
1
1
1
1
1
1
