0
0.2
0.255294117647059
0.301176470588235
0.401176470588235
0.441176470588235
0.524705882352941
0.577647058823529
0.641176470588235
0.687058823529412
0.745882352941176
0.772941176470588
0.804705882352941
0.84
0.861176470588235
0.875294117647059
0.896470588235294
0.921176470588235
0.932941176470588
0.957647058823529
0.969411764705882
0.978823529411765
0.985882352941176
0.987058823529412
0.994117647058824
0.997647058823529
0.998823529411765
0.998823529411765
0.997647058823529
0.998823529411765
0.998823529411765
1
1
1
1
1
1
1
1
1
1
1
1
1
1
1
1
1
1
1
1
1
1
1
1
1
1
1
1
1
1
1
1
1
1
1
1
1
1
1
1
1
1
1
1
1
1
1
1
1
1
1
1
1
1
1
1
1
1
1
1
1
1
1
1
