0
0.3
0.345882352941176
0.414117647058824
0.485882352941176
0.577647058823529
0.702352941176471
0.744705882352941
0.802352941176471
0.836470588235294
0.871764705882353
0.885882352941176
0.937647058823529
0.96
0.964705882352941
0.967058823529412
0.977647058823529
0.988235294117647
0.990588235294118
0.989411764705882
0.990588235294118
0.992941176470588
0.994117647058824
0.991764705882353
0.998823529411765
0.998823529411765
1
1
1
1
1
1
1
1
1
1
1
1
1
1
1
1
1
1
1
1
1
1
1
1
1
1
1
1
1
1
1
1
1
1
1
1
1
1
1
1
1
1
1
1
1
1
1
1
1
1
1
1
1
1
1
1
1
1
1
1
1
1
1
1
1
1
1
1
1
