0
0.5
0.589411764705882
0.635294117647059
0.661176470588235
0.721176470588235
0.744705882352941
0.769411764705882
0.803529411764706
0.855294117647059
0.885882352941176
0.914117647058823
0.936470588235294
0.952941176470588
0.958823529411765
0.96
0.958823529411765
0.974117647058824
0.975294117647059
0.984705882352941
0.989411764705882
0.987058823529412
0.987058823529412
0.985882352941176
0.989411764705882
0.987058823529412
0.985882352941176
0.985882352941176
0.992941176470588
0.997647058823529
0.996470588235294
0.998823529411765
1
1
1
1
1
1
1
1
1
1
1
1
1
1
1
1
1
1
1
1
1
1
1
1
1
1
1
1
1
1
1
1
1
1
1
1
1
1
1
1
1
1
1
1
1
1
1
1
1
1
1
1
1
1
1
1
1
1
1
1
1
1
1
