0
0.1
0.128235294117647
0.152941176470588
0.2
0.244705882352941
0.278823529411765
0.323529411764706
0.367058823529412
0.438823529411765
0.511764705882353
0.574117647058824
0.611764705882353
0.681176470588235
0.717647058823529
0.778823529411765
0.804705882352941
0.858823529411765
0.865882352941176
0.903529411764706
0.917647058823529
0.924705882352941
0.936470588235294
0.950588235294118
0.962352941176471
0.976470588235294
0.976470588235294
0.976470588235294
0.98
0.978823529411765
0.981176470588235
0.984705882352941
0.989411764705882
0.994117647058824
0.997647058823529
1
1
1
1
1
1
1
1
1
1
1
1
1
1
1
1
1
1
1
1
1
1
1
1
1
1
1
1
1
1
1
1
1
1
1
1
1
1
1
1
1
1
1
1
1
1
1
1
1
1
1
1
1
1
1
1
1
1
1
1
