0
0.2
0.224705882352941
0.24
0.26
0.264705882352941
0.277647058823529
0.281176470588235
0.257647058823529
0.241176470588235
0.254117647058824
0.265882352941176
0.272941176470588
0.298823529411765
0.338823529411765
0.378823529411765
0.425882352941176
0.488235294117647
0.563529411764706
0.581176470588235
0.631764705882353
0.674117647058823
0.704705882352941
0.757647058823529
0.783529411764706
0.797647058823529
0.807058823529412
0.811764705882353
0.838823529411765
0.847058823529412
0.889411764705882
0.887058823529412
0.905882352941176
0.905882352941176
0.909411764705882
0.916470588235294
0.923529411764706
0.929411764705882
0.935294117647059
0.958823529411765
0.968235294117647
0.965882352941177
0.972941176470588
0.977647058823529
0.969411764705882
0.964705882352941
0.962352941176471
0.970588235294118
0.971764705882353
0.976470588235294
0.983529411764706
0.985882352941176
0.984705882352941
0.984705882352941
0.978823529411765
0.987058823529412
0.991764705882353
0.998823529411765
0.998823529411765
0.998823529411765
0.997647058823529
0.994117647058824
0.995294117647059
0.996470588235294
0.997647058823529
0.994117647058824
0.996470588235294
0.996470588235294
0.997647058823529
0.997647058823529
0.996470588235294
0.997647058823529
0.998823529411765
0.998823529411765
0.998823529411765
0.998823529411765
1
1
1
1
1
1
1
1
1
1
1
1
1
1
1
1
1
1
1
