0
0.3
0.34
0.407058823529412
0.431764705882353
0.510588235294118
0.576470588235294
0.621176470588235
0.688235294117647
0.714117647058824
0.724705882352941
0.764705882352941
0.782352941176471
0.810588235294118
0.836470588235294
0.862352941176471
0.882352941176471
0.9
0.908235294117647
0.922352941176471
0.937647058823529
0.952941176470588
0.948235294117647
0.949411764705882
0.969411764705882
0.975294117647059
0.976470588235294
0.98
0.978823529411765
0.983529411764706
0.981176470588235
0.988235294117647
0.991764705882353
0.994117647058824
0.994117647058824
0.995294117647059
0.998823529411765
1
1
1
1
1
1
1
1
1
1
1
1
1
1
1
1
1
1
1
1
1
1
1
1
1
1
1
1
1
1
1
1
1
1
1
1
1
1
1
1
1
1
1
1
1
1
1
1
1
1
1
1
1
1
1
1
1
1
