0
0.2
0.229411764705882
0.242352941176471
0.267058823529412
0.289411764705882
0.303529411764706
0.325882352941176
0.36
0.38
0.414117647058824
0.447058823529412
0.485882352941176
0.503529411764706
0.578823529411765
0.583529411764706
0.603529411764706
0.610588235294118
0.62
0.650588235294118
0.676470588235294
0.697647058823529
0.736470588235294
0.757647058823529
0.765882352941176
0.762352941176471
0.774117647058824
0.774117647058824
0.792941176470588
0.803529411764706
0.812941176470588
0.829411764705882
0.838823529411765
0.858823529411765
0.889411764705882
0.908235294117647
0.904705882352941
0.908235294117647
0.915294117647059
0.942352941176471
0.948235294117647
0.968235294117647
0.970588235294118
0.983529411764706
0.994117647058824
0.992941176470588
0.997647058823529
1
1
1
1
1
1
1
1
1
1
1
1
1
1
1
1
1
1
1
1
1
1
1
1
1
1
1
1
1
1
1
1
1
1
1
1
1
1
1
1
1
1
1
1
1
1
1
1
