0
0.2
0.228235294117647
0.285882352941176
0.311764705882353
0.383529411764706
0.431764705882353
0.476470588235294
0.550588235294118
0.578823529411765
0.604705882352941
0.632941176470588
0.672941176470588
0.696470588235294
0.734117647058824
0.757647058823529
0.782352941176471
0.796470588235294
0.816470588235294
0.843529411764706
0.848235294117647
0.875294117647059
0.881176470588235
0.877647058823529
0.897647058823529
0.898823529411765
0.901176470588235
0.898823529411765
0.891764705882353
0.912941176470588
0.922352941176471
0.921176470588235
0.911764705882353
0.907058823529412
0.925882352941176
0.932941176470588
0.945882352941177
0.949411764705882
0.96
0.965882352941177
0.98
0.985882352941176
0.990588235294118
0.990588235294118
0.987058823529412
0.984705882352941
0.989411764705882
0.988235294117647
0.983529411764706
0.985882352941176
0.989411764705882
0.989411764705882
0.990588235294118
0.992941176470588
0.995294117647059
0.997647058823529
0.997647058823529
0.998823529411765
0.997647058823529
0.996470588235294
0.998823529411765
0.998823529411765
0.997647058823529
0.997647058823529
0.996470588235294
0.997647058823529
0.997647058823529
0.997647058823529
1
1
1
1
1
1
1
1
1
1
1
1
1
1
1
1
1
1
1
1
1
1
1
1
1
1
1
