0
0.3
0.371764705882353
0.421176470588235
0.471764705882353
0.54
0.603529411764706
0.674117647058823
0.710588235294118
0.743529411764706
0.798823529411765
0.829411764705882
0.862352941176471
0.890588235294118
0.921176470588235
0.934117647058823
0.951764705882353
0.949411764705882
0.963529411764706
0.976470588235294
0.981176470588235
0.987058823529412
0.991764705882353
0.990588235294118
0.994117647058824
0.995294117647059
0.997647058823529
0.998823529411765
1
1
1
1
1
1
1
1
1
1
1
1
1
1
1
1
1
1
1
1
1
1
1
1
1
1
1
1
1
1
1
1
1
1
1
1
1
1
1
1
1
1
1
1
1
1
1
1
1
1
1
1
1
1
1
1
1
1
1
1
1
1
1
1
1
1
1
