0
0.2
0.187058823529412
0.228235294117647
0.265882352941176
0.285882352941176
0.305882352941176
0.341176470588235
0.352941176470588
0.369411764705882
0.395294117647059
0.395294117647059
0.430588235294118
0.457647058823529
0.492941176470588
0.523529411764706
0.515294117647059
0.564705882352941
0.608235294117647
0.617647058823529
0.669411764705882
0.701176470588235
0.729411764705882
0.754117647058824
0.749411764705882
0.791764705882353
0.798823529411765
0.854117647058824
0.874117647058824
0.889411764705882
0.892941176470588
0.915294117647059
0.911764705882353
0.929411764705882
0.927058823529412
0.927058823529412
0.918823529411765
0.923529411764706
0.941176470588235
0.963529411764706
0.964705882352941
0.965882352941177
0.965882352941177
0.961176470588235
0.970588235294118
0.975294117647059
0.971764705882353
0.965882352941177
0.971764705882353
0.971764705882353
0.970588235294118
0.974117647058824
0.975294117647059
0.985882352941176
0.988235294117647
0.990588235294118
0.996470588235294
0.996470588235294
0.996470588235294
0.997647058823529
0.998823529411765
0.997647058823529
0.997647058823529
0.998823529411765
0.996470588235294
0.997647058823529
1
1
1
1
1
1
1
1
1
1
1
1
1
1
1
1
1
1
1
1
1
1
1
1
1
1
1
1
1
