0
0.3
0.322352941176471
0.368235294117647
0.448235294117647
0.583529411764706
0.663529411764706
0.737647058823529
0.790588235294118
0.829411764705882
0.874117647058824
0.902352941176471
0.917647058823529
0.94
0.962352941176471
0.971764705882353
0.974117647058824
0.978823529411765
0.98
0.987058823529412
0.989411764705882
0.991764705882353
0.992941176470588
0.992941176470588
0.996470588235294
0.998823529411765
0.998823529411765
1
1
1
1
1
1
1
1
1
1
1
1
1
1
1
1
1
1
1
1
1
1
1
1
1
1
1
1
1
1
1
1
1
1
1
1
1
1
1
1
1
1
1
1
1
1
1
1
1
1
1
1
1
1
1
1
1
1
1
1
1
1
1
1
1
1
1
1
