0
0.2
0.221176470588235
0.276470588235294
0.318823529411765
0.358823529411765
0.385882352941176
0.434117647058824
0.508235294117647
0.528235294117647
0.557647058823529
0.584705882352941
0.625882352941176
0.66
0.704705882352941
0.734117647058824
0.803529411764706
0.830588235294118
0.865882352941176
0.882352941176471
0.910588235294118
0.924705882352941
0.942352941176471
0.954117647058824
0.961176470588235
0.970588235294118
0.964705882352941
0.961176470588235
0.952941176470588
0.968235294117647
0.969411764705882
0.970588235294118
0.978823529411765
0.98
0.981176470588235
0.985882352941176
0.983529411764706
0.991764705882353
0.994117647058824
0.992941176470588
0.988235294117647
0.991764705882353
0.990588235294118
0.997647058823529
0.996470588235294
0.997647058823529
0.997647058823529
0.996470588235294
0.996470588235294
0.995294117647059
0.997647058823529
0.997647058823529
0.997647058823529
1
1
1
1
1
1
1
1
1
1
1
1
1
1
1
1
1
1
1
1
1
1
1
1
1
1
1
1
1
1
1
1
1
1
1
1
1
1
1
1
1
1
