0
0.2
0.205882352941176
0.2
0.197647058823529
0.212941176470588
0.203529411764706
0.205882352941176
0.212941176470588
0.262352941176471
0.3
0.316470588235294
0.34
0.351764705882353
0.356470588235294
0.376470588235294
0.436470588235294
0.471764705882353
0.536470588235294
0.554117647058823
0.590588235294118
0.609411764705882
0.651764705882353
0.664705882352941
0.682352941176471
0.718823529411765
0.722352941176471
0.751764705882353
0.776470588235294
0.791764705882353
0.823529411764706
0.847058823529412
0.835294117647059
0.845882352941176
0.863529411764706
0.868235294117647
0.882352941176471
0.888235294117647
0.892941176470588
0.903529411764706
0.902352941176471
0.921176470588235
0.927058823529412
0.942352941176471
0.952941176470588
0.963529411764706
0.974117647058824
0.978823529411765
0.983529411764706
0.991764705882353
0.988235294117647
0.990588235294118
0.995294117647059
0.996470588235294
0.997647058823529
0.998823529411765
0.997647058823529
1
1
1
1
1
1
1
1
1
1
1
1
1
1
1
1
1
1
1
1
1
1
1
1
1
1
1
1
1
1
1
1
1
1
1
1
1
1
