0
0.3
0.345882352941176
0.416470588235294
0.517647058823529
0.595294117647059
0.691764705882353
0.743529411764706
0.817647058823529
0.86
0.890588235294118
0.908235294117647
0.923529411764706
0.938823529411765
0.962352941176471
0.968235294117647
0.975294117647059
0.983529411764706
0.992941176470588
0.994117647058824
0.994117647058824
0.996470588235294
0.998823529411765
0.998823529411765
0.998823529411765
0.996470588235294
0.998823529411765
1
1
1
1
1
1
1
1
1
1
1
1
1
1
1
1
1
1
1
1
1
1
1
1
1
1
1
1
1
1
1
1
1
1
1
1
1
1
1
1
1
1
1
1
1
1
1
1
1
1
1
1
1
1
1
1
1
1
1
1
1
1
1
1
1
1
1
1
