0
0.1
0.125882352941176
0.136470588235294
0.167058823529412
0.149411764705882
0.161176470588235
0.190588235294118
0.203529411764706
0.229411764705882
0.261176470588235
0.291764705882353
0.307058823529412
0.350588235294118
0.355294117647059
0.390588235294118
0.398823529411765
0.448235294117647
0.48
0.52
0.555294117647059
0.58
0.608235294117647
0.625882352941176
0.632941176470588
0.674117647058823
0.696470588235294
0.703529411764706
0.735294117647059
0.756470588235294
0.771764705882353
0.795294117647059
0.814117647058824
0.810588235294118
0.821176470588235
0.855294117647059
0.863529411764706
0.883529411764706
0.912941176470588
0.923529411764706
0.934117647058823
0.938823529411765
0.947058823529412
0.937647058823529
0.938823529411765
0.938823529411765
0.944705882352941
0.944705882352941
0.944705882352941
0.941176470588235
0.931764705882353
0.941176470588235
0.943529411764706
0.948235294117647
0.952941176470588
0.962352941176471
0.968235294117647
0.962352941176471
0.961176470588235
0.963529411764706
0.967058823529412
0.965882352941177
0.969411764705882
0.971764705882353
0.977647058823529
0.98
0.976470588235294
0.982352941176471
0.985882352941176
0.991764705882353
0.995294117647059
0.992941176470588
0.994117647058824
0.996470588235294
0.997647058823529
0.997647058823529
1
1
1
1
1
1
1
1
1
1
1
1
1
1
1
1
1
1
1
