0
0.5
0.490588235294118
0.535294117647059
0.595294117647059
0.644705882352941
0.690588235294118
0.724705882352941
0.745882352941176
0.789411764705882
0.812941176470588
0.824705882352941
0.838823529411765
0.869411764705882
0.882352941176471
0.892941176470588
0.909411764705882
0.938823529411765
0.943529411764706
0.950588235294118
0.964705882352941
0.975294117647059
0.974117647058824
0.98
0.977647058823529
0.978823529411765
0.977647058823529
0.989411764705882
0.985882352941176
0.985882352941176
0.987058823529412
0.988235294117647
0.987058823529412
0.991764705882353
0.989411764705882
0.995294117647059
0.996470588235294
0.995294117647059
0.996470588235294
0.994117647058824
0.996470588235294
0.997647058823529
0.995294117647059
0.998823529411765
1
1
1
1
1
1
1
1
1
1
1
1
1
1
1
1
1
1
1
1
1
1
1
1
1
1
1
1
1
1
1
1
1
1
1
1
1
1
1
1
1
1
1
1
1
1
1
1
1
1
1
