0
0.4
0.415294117647059
0.48
0.585882352941177
0.687058823529412
0.781176470588235
0.844705882352941
0.865882352941176
0.885882352941176
0.92
0.937647058823529
0.961176470588235
0.970588235294118
0.972941176470588
0.983529411764706
0.989411764705882
0.988235294117647
0.990588235294118
0.990588235294118
0.994117647058824
0.991764705882353
0.995294117647059
0.996470588235294
0.998823529411765
0.998823529411765
1
1
1
1
1
1
1
1
1
1
1
1
1
1
1
1
1
1
1
1
1
1
1
1
1
1
1
1
1
1
1
1
1
1
1
1
1
1
1
1
1
1
1
1
1
1
1
1
1
1
1
1
1
1
1
1
1
1
1
1
1
1
1
1
1
1
1
1
1
