0
0.1
0.103529411764706
0.118823529411765
0.147058823529412
0.154117647058824
0.169411764705882
0.197647058823529
0.215294117647059
0.228235294117647
0.252941176470588
0.265882352941176
0.276470588235294
0.303529411764706
0.361176470588235
0.421176470588235
0.461176470588235
0.495294117647059
0.541176470588235
0.575294117647059
0.629411764705882
0.638823529411765
0.650588235294118
0.675294117647059
0.7
0.751764705882353
0.782352941176471
0.795294117647059
0.849411764705882
0.865882352941176
0.881176470588235
0.885882352941176
0.892941176470588
0.907058823529412
0.916470588235294
0.917647058823529
0.931764705882353
0.936470588235294
0.938823529411765
0.945882352941177
0.941176470588235
0.936470588235294
0.944705882352941
0.955294117647059
0.952941176470588
0.956470588235294
0.961176470588235
0.968235294117647
0.967058823529412
0.969411764705882
0.970588235294118
0.969411764705882
0.968235294117647
0.976470588235294
0.971764705882353
0.964705882352941
0.968235294117647
0.975294117647059
0.974117647058824
0.978823529411765
0.988235294117647
0.989411764705882
0.983529411764706
0.991764705882353
0.994117647058824
0.991764705882353
0.995294117647059
0.997647058823529
0.998823529411765
0.997647058823529
0.997647058823529
0.997647058823529
0.996470588235294
1
1
1
1
1
1
1
1
1
1
1
1
1
1
1
1
1
1
1
1
1
1
