0
0.4
0.421176470588235
0.423529411764706
0.412941176470588
0.422352941176471
0.407058823529412
0.384705882352941
0.407058823529412
0.442352941176471
0.465882352941176
0.487058823529412
0.465882352941176
0.467058823529412
0.483529411764706
0.525882352941176
0.551764705882353
0.608235294117647
0.636470588235294
0.650588235294118
0.658823529411765
0.681176470588235
0.694117647058824
0.714117647058824
0.716470588235294
0.728235294117647
0.730588235294118
0.731764705882353
0.750588235294118
0.728235294117647
0.750588235294118
0.761176470588235
0.794117647058823
0.808235294117647
0.829411764705882
0.822352941176471
0.811764705882353
0.807058823529412
0.781176470588235
0.807058823529412
0.832941176470588
0.838823529411765
0.849411764705882
0.868235294117647
0.861176470588235
0.857647058823529
0.867058823529412
0.857647058823529
0.854117647058824
0.855294117647059
0.856470588235294
0.865882352941176
0.881176470588235
0.885882352941176
0.894117647058824
0.908235294117647
0.909411764705882
0.924705882352941
0.922352941176471
0.910588235294118
0.922352941176471
0.924705882352941
0.922352941176471
0.941176470588235
0.944705882352941
0.949411764705882
0.956470588235294
0.948235294117647
0.961176470588235
0.955294117647059
0.952941176470588
0.956470588235294
0.951764705882353
0.965882352941177
0.976470588235294
0.98
0.974117647058824
0.98
0.982352941176471
0.978823529411765
0.983529411764706
0.989411764705882
0.990588235294118
0.989411764705882
0.992941176470588
0.997647058823529
0.994117647058824
0.992941176470588
0.991764705882353
0.991764705882353
0.989411764705882
0.985882352941176
0.989411764705882
0.992941176470588
0.994117647058824
