0
0.1
0.1
0.115294117647059
0.134117647058824
0.151764705882353
0.171764705882353
0.205882352941176
0.228235294117647
0.234117647058824
0.270588235294118
0.316470588235294
0.358823529411765
0.4
0.427058823529412
0.471764705882353
0.547058823529412
0.574117647058824
0.609411764705882
0.654117647058824
0.692941176470588
0.767058823529412
0.781176470588235
0.818823529411765
0.84
0.882352941176471
0.9
0.918823529411765
0.924705882352941
0.922352941176471
0.924705882352941
0.941176470588235
0.949411764705882
0.96
0.967058823529412
0.975294117647059
0.969411764705882
0.968235294117647
0.972941176470588
0.974117647058824
0.968235294117647
0.974117647058824
0.969411764705882
0.969411764705882
0.976470588235294
0.974117647058824
0.981176470588235
0.987058823529412
0.983529411764706
0.987058823529412
0.991764705882353
0.998823529411765
0.998823529411765
1
1
1
1
1
1
1
1
1
1
1
1
1
1
1
1
1
1
1
1
1
1
1
1
1
1
1
1
1
1
1
1
1
1
1
1
1
1
1
1
1
1
