0
0.4
0.443529411764706
0.523529411764706
0.615294117647059
0.655294117647059
0.711764705882353
0.755294117647059
0.822352941176471
0.871764705882353
0.878823529411765
0.901176470588235
0.927058823529412
0.949411764705882
0.954117647058824
0.967058823529412
0.975294117647059
0.975294117647059
0.984705882352941
0.990588235294118
0.996470588235294
0.998823529411765
1
1
1
1
1
1
1
1
1
1
1
1
1
1
1
1
1
1
1
1
1
1
1
1
1
1
1
1
1
1
1
1
1
1
1
1
1
1
1
1
1
1
1
1
1
1
1
1
1
1
1
1
1
1
1
1
1
1
1
1
1
1
1
1
1
1
1
1
1
1
1
1
1
