0
0.1
0.138823529411765
0.18
0.228235294117647
0.308235294117647
0.384705882352941
0.462352941176471
0.556470588235294
0.621176470588235
0.675294117647059
0.764705882352941
0.802352941176471
0.855294117647059
0.888235294117647
0.907058823529412
0.921176470588235
0.944705882352941
0.961176470588235
0.968235294117647
0.976470588235294
0.983529411764706
0.990588235294118
0.989411764705882
0.988235294117647
0.994117647058824
0.998823529411765
1
1
1
1
1
1
1
1
1
1
1
1
1
1
1
1
1
1
1
1
1
1
1
1
1
1
1
1
1
1
1
1
1
1
1
1
1
1
1
1
1
1
1
1
1
1
1
1
1
1
1
1
1
1
1
1
1
1
1
1
1
1
1
1
1
1
1
1
