0
0.3
0.303529411764706
0.338823529411765
0.367058823529412
0.398823529411765
0.442352941176471
0.44
0.495294117647059
0.548235294117647
0.572941176470588
0.588235294117647
0.610588235294118
0.601176470588235
0.631764705882353
0.656470588235294
0.704705882352941
0.736470588235294
0.76
0.790588235294118
0.798823529411765
0.809411764705882
0.791764705882353
0.811764705882353
0.837647058823529
0.837647058823529
0.857647058823529
0.841176470588235
0.855294117647059
0.851764705882353
0.848235294117647
0.858823529411765
0.877647058823529
0.877647058823529
0.895294117647059
0.889411764705882
0.904705882352941
0.898823529411765
0.912941176470588
0.932941176470588
0.956470588235294
0.963529411764706
0.964705882352941
0.970588235294118
0.975294117647059
0.981176470588235
0.987058823529412
0.984705882352941
0.982352941176471
0.995294117647059
0.994117647058824
0.992941176470588
0.991764705882353
0.995294117647059
0.996470588235294
0.997647058823529
1
1
1
1
1
1
1
1
1
1
1
1
1
1
1
1
1
1
1
1
1
1
1
1
1
1
1
1
1
1
1
1
1
1
1
1
1
1
1
