0
0.3
0.311764705882353
0.341176470588235
0.344705882352941
0.382352941176471
0.410588235294118
0.454117647058824
0.478823529411765
0.529411764705882
0.583529411764706
0.616470588235294
0.663529411764706
0.710588235294118
0.728235294117647
0.750588235294118
0.781176470588235
0.8
0.845882352941176
0.863529411764706
0.881176470588235
0.897647058823529
0.916470588235294
0.931764705882353
0.947058823529412
0.951764705882353
0.956470588235294
0.954117647058824
0.951764705882353
0.947058823529412
0.956470588235294
0.969411764705882
0.975294117647059
0.985882352941176
0.990588235294118
0.991764705882353
0.994117647058824
0.996470588235294
0.996470588235294
0.998823529411765
1
1
1
1
1
1
1
1
1
1
1
1
1
1
1
1
1
1
1
1
1
1
1
1
1
1
1
1
1
1
1
1
1
1
1
1
1
1
1
1
1
1
1
1
1
1
1
1
1
1
1
1
1
1
1
