0
0.3
0.322352941176471
0.348235294117647
0.338823529411765
0.356470588235294
0.348235294117647
0.389411764705882
0.408235294117647
0.422352941176471
0.437647058823529
0.474117647058824
0.494117647058824
0.523529411764706
0.550588235294118
0.562352941176471
0.577647058823529
0.6
0.597647058823529
0.557647058823529
0.575294117647059
0.585882352941177
0.585882352941177
0.64
0.627058823529412
0.647058823529412
0.676470588235294
0.675294117647059
0.684705882352941
0.685882352941176
0.689411764705882
0.702352941176471
0.742352941176471
0.76
0.762352941176471
0.763529411764706
0.758823529411765
0.769411764705882
0.762352941176471
0.774117647058824
0.792941176470588
0.792941176470588
0.775294117647059
0.814117647058824
0.82
0.825882352941177
0.829411764705882
0.841176470588235
0.864705882352941
0.865882352941176
0.891764705882353
0.888235294117647
0.888235294117647
0.888235294117647
0.881176470588235
0.885882352941176
0.885882352941176
0.885882352941176
0.887058823529412
0.884705882352941
0.898823529411765
0.894117647058824
0.890588235294118
0.891764705882353
0.907058823529412
0.902352941176471
0.889411764705882
0.881176470588235
0.890588235294118
0.885882352941176
0.889411764705882
0.891764705882353
0.891764705882353
0.914117647058823
0.934117647058823
0.935294117647059
0.950588235294118
0.952941176470588
0.955294117647059
0.964705882352941
0.961176470588235
0.963529411764706
0.96
0.96
0.964705882352941
0.972941176470588
0.983529411764706
0.988235294117647
0.992941176470588
0.990588235294118
0.988235294117647
0.994117647058824
0.990588235294118
0.992941176470588
0.994117647058824
