0
0.1
0.124705882352941
0.161176470588235
0.228235294117647
0.303529411764706
0.404705882352941
0.475294117647059
0.557647058823529
0.608235294117647
0.709411764705882
0.791764705882353
0.856470588235294
0.892941176470588
0.924705882352941
0.929411764705882
0.955294117647059
0.964705882352941
0.969411764705882
0.982352941176471
0.983529411764706
0.987058823529412
0.992941176470588
0.990588235294118
0.995294117647059
0.994117647058824
0.994117647058824
0.998823529411765
1
1
1
1
1
1
1
1
1
1
1
1
1
1
1
1
1
1
1
1
1
1
1
1
1
1
1
1
1
1
1
1
1
1
1
1
1
1
1
1
1
1
1
1
1
1
1
1
1
1
1
1
1
1
1
1
1
1
1
1
1
1
1
1
1
1
1
