0
0.3
0.294117647058824
0.338823529411765
0.371764705882353
0.405882352941176
0.430588235294118
0.476470588235294
0.511764705882353
0.545882352941176
0.608235294117647
0.665882352941176
0.710588235294118
0.738823529411765
0.783529411764706
0.817647058823529
0.817647058823529
0.863529411764706
0.88
0.907058823529412
0.927058823529412
0.941176470588235
0.948235294117647
0.955294117647059
0.955294117647059
0.954117647058824
0.963529411764706
0.969411764705882
0.974117647058824
0.981176470588235
0.977647058823529
0.98
0.983529411764706
0.991764705882353
0.997647058823529
0.997647058823529
0.996470588235294
0.997647058823529
1
1
1
1
1
1
1
1
1
1
1
1
1
1
1
1
1
1
1
1
1
1
1
1
1
1
1
1
1
1
1
1
1
1
1
1
1
1
1
1
1
1
1
1
1
1
1
1
1
1
1
1
1
1
1
1
1
