0
0.2
0.197647058823529
0.212941176470588
0.210588235294118
0.234117647058824
0.242352941176471
0.236470588235294
0.221176470588235
0.216470588235294
0.228235294117647
0.241176470588235
0.24
0.276470588235294
0.309411764705882
0.304705882352941
0.334117647058824
0.361176470588235
0.365882352941176
0.385882352941176
0.401176470588235
0.437647058823529
0.452941176470588
0.451764705882353
0.472941176470588
0.468235294117647
0.510588235294118
0.534117647058823
0.571764705882353
0.587058823529412
0.598823529411765
0.629411764705882
0.638823529411765
0.670588235294118
0.7
0.709411764705882
0.74
0.754117647058824
0.769411764705882
0.771764705882353
0.8
0.821176470588235
0.838823529411765
0.843529411764706
0.850588235294118
0.845882352941176
0.857647058823529
0.861176470588235
0.864705882352941
0.88
0.889411764705882
0.905882352941176
0.908235294117647
0.912941176470588
0.918823529411765
0.924705882352941
0.923529411764706
0.930588235294118
0.930588235294118
0.949411764705882
0.944705882352941
0.948235294117647
0.967058823529412
0.976470588235294
0.975294117647059
0.977647058823529
0.975294117647059
0.983529411764706
0.983529411764706
0.98
0.977647058823529
0.98
0.988235294117647
0.983529411764706
0.972941176470588
0.974117647058824
0.976470588235294
0.971764705882353
0.971764705882353
0.981176470588235
0.984705882352941
0.987058823529412
0.988235294117647
0.992941176470588
0.990588235294118
0.995294117647059
0.995294117647059
0.997647058823529
0.997647058823529
0.998823529411765
0.998823529411765
1
1
1
1
