0
0.2
0.227058823529412
0.208235294117647
0.256470588235294
0.297647058823529
0.314117647058824
0.331764705882353
0.370588235294118
0.402352941176471
0.428235294117647
0.447058823529412
0.454117647058824
0.46
0.443529411764706
0.464705882352941
0.488235294117647
0.518823529411765
0.503529411764706
0.54
0.567058823529412
0.595294117647059
0.635294117647059
0.658823529411765
0.670588235294118
0.697647058823529
0.711764705882353
0.754117647058824
0.723529411764706
0.735294117647059
0.74
0.762352941176471
0.782352941176471
0.795294117647059
0.808235294117647
0.823529411764706
0.834117647058824
0.850588235294118
0.871764705882353
0.881176470588235
0.902352941176471
0.888235294117647
0.912941176470588
0.908235294117647
0.909411764705882
0.922352941176471
0.921176470588235
0.925882352941176
0.915294117647059
0.915294117647059
0.916470588235294
0.918823529411765
0.927058823529412
0.929411764705882
0.929411764705882
0.937647058823529
0.943529411764706
0.945882352941177
0.96
0.952941176470588
0.96
0.965882352941177
0.962352941176471
0.961176470588235
0.968235294117647
0.969411764705882
0.975294117647059
0.982352941176471
0.982352941176471
0.982352941176471
0.978823529411765
0.977647058823529
0.987058823529412
0.982352941176471
0.983529411764706
0.983529411764706
0.987058823529412
0.983529411764706
0.983529411764706
0.985882352941176
0.985882352941176
0.992941176470588
0.990588235294118
0.989411764705882
0.994117647058824
0.994117647058824
0.994117647058824
0.992941176470588
0.996470588235294
0.995294117647059
0.992941176470588
0.991764705882353
0.988235294117647
0.990588235294118
0.991764705882353
