0
0.1
0.110588235294118
0.136470588235294
0.16
0.184705882352941
0.190588235294118
0.241176470588235
0.281176470588235
0.291764705882353
0.336470588235294
0.358823529411765
0.409411764705882
0.451764705882353
0.488235294117647
0.544705882352941
0.588235294117647
0.624705882352941
0.657647058823529
0.678823529411765
0.688235294117647
0.711764705882353
0.729411764705882
0.743529411764706
0.776470588235294
0.769411764705882
0.803529411764706
0.825882352941177
0.827058823529412
0.847058823529412
0.861176470588235
0.86
0.881176470588235
0.907058823529412
0.92
0.935294117647059
0.936470588235294
0.948235294117647
0.963529411764706
0.967058823529412
0.977647058823529
0.974117647058824
0.971764705882353
0.982352941176471
0.985882352941176
0.992941176470588
0.990588235294118
0.988235294117647
0.987058823529412
0.989411764705882
0.995294117647059
1
1
1
1
1
1
1
1
1
1
1
1
1
1
1
1
1
1
1
1
1
1
1
1
1
1
1
1
1
1
1
1
1
1
1
1
1
1
1
1
1
1
1
1
