0
0.5
0.491764705882353
0.495294117647059
0.517647058823529
0.484705882352941
0.515294117647059
0.531764705882353
0.552941176470588
0.543529411764706
0.561176470588235
0.578823529411765
0.6
0.618823529411765
0.671764705882353
0.704705882352941
0.711764705882353
0.732941176470588
0.712941176470588
0.74
0.764705882352941
0.789411764705882
0.804705882352941
0.815294117647059
0.815294117647059
0.821176470588235
0.822352941176471
0.812941176470588
0.830588235294118
0.848235294117647
0.855294117647059
0.848235294117647
0.844705882352941
0.84
0.857647058823529
0.858823529411765
0.850588235294118
0.865882352941176
0.887058823529412
0.898823529411765
0.884705882352941
0.895294117647059
0.9
0.925882352941176
0.941176470588235
0.938823529411765
0.935294117647059
0.931764705882353
0.932941176470588
0.942352941176471
0.955294117647059
0.943529411764706
0.944705882352941
0.949411764705882
0.962352941176471
0.958823529411765
0.971764705882353
0.982352941176471
0.977647058823529
0.974117647058824
0.975294117647059
0.983529411764706
0.985882352941176
0.984705882352941
0.985882352941176
0.983529411764706
0.982352941176471
0.983529411764706
0.987058823529412
0.98
0.98
0.981176470588235
0.982352941176471
0.984705882352941
0.989411764705882
0.990588235294118
0.988235294117647
0.990588235294118
0.991764705882353
0.991764705882353
0.996470588235294
0.992941176470588
0.995294117647059
0.997647058823529
0.998823529411765
0.998823529411765
0.997647058823529
0.998823529411765
0.998823529411765
0.997647058823529
0.997647058823529
0.997647058823529
1
1
1
