0
0.1
0.152941176470588
0.237647058823529
0.369411764705882
0.535294117647059
0.688235294117647
0.787058823529412
0.849411764705882
0.924705882352941
0.955294117647059
0.955294117647059
0.969411764705882
0.976470588235294
0.987058823529412
0.987058823529412
0.995294117647059
0.997647058823529
0.997647058823529
0.998823529411765
0.997647058823529
0.997647058823529
0.998823529411765
1
1
1
1
1
1
1
1
1
1
1
1
1
1
1
1
1
1
1
1
1
1
1
1
1
1
1
1
1
1
1
1
1
1
1
1
1
1
1
1
1
1
1
1
1
1
1
1
1
1
1
1
1
1
1
1
1
1
1
1
1
1
1
1
1
1
1
1
1
1
1
1
