0
0.2
0.234117647058824
0.324705882352941
0.424705882352941
0.538823529411765
0.624705882352941
0.714117647058824
0.768235294117647
0.821176470588235
0.863529411764706
0.888235294117647
0.918823529411765
0.941176470588235
0.96
0.968235294117647
0.976470588235294
0.989411764705882
0.990588235294118
0.998823529411765
0.998823529411765
0.998823529411765
0.997647058823529
0.998823529411765
0.997647058823529
0.998823529411765
1
1
1
1
1
1
1
1
1
1
1
1
1
1
1
1
1
1
1
1
1
1
1
1
1
1
1
1
1
1
1
1
1
1
1
1
1
1
1
1
1
1
1
1
1
1
1
1
1
1
1
1
1
1
1
1
1
1
1
1
1
1
1
1
1
1
1
1
1
