0
0.4
0.442352941176471
0.558823529411765
0.657647058823529
0.756470588235294
0.8
0.838823529411765
0.874117647058824
0.92
0.92
0.935294117647059
0.952941176470588
0.961176470588235
0.968235294117647
0.974117647058824
0.976470588235294
0.974117647058824
0.987058823529412
0.992941176470588
0.994117647058824
0.994117647058824
0.991764705882353
0.991764705882353
0.994117647058824
0.998823529411765
0.997647058823529
0.994117647058824
0.995294117647059
0.992941176470588
0.995294117647059
0.996470588235294
0.996470588235294
0.998823529411765
0.998823529411765
0.998823529411765
0.998823529411765
1
1
1
1
1
1
1
1
1
1
1
1
1
1
1
1
1
1
1
1
1
1
1
1
1
1
1
1
1
1
1
1
1
1
1
1
1
1
1
1
1
1
1
1
1
1
1
1
1
1
1
1
1
1
1
1
1
1
