0
0.1
0.131764705882353
0.157647058823529
0.185882352941176
0.204705882352941
0.243529411764706
0.291764705882353
0.327058823529412
0.382352941176471
0.423529411764706
0.472941176470588
0.514117647058824
0.554117647058823
0.597647058823529
0.607058823529412
0.612941176470588
0.647058823529412
0.702352941176471
0.751764705882353
0.777647058823529
0.782352941176471
0.787058823529412
0.835294117647059
0.850588235294118
0.883529411764706
0.901176470588235
0.904705882352941
0.908235294117647
0.931764705882353
0.945882352941177
0.951764705882353
0.945882352941177
0.948235294117647
0.954117647058824
0.957647058823529
0.962352941176471
0.956470588235294
0.948235294117647
0.949411764705882
0.950588235294118
0.962352941176471
0.970588235294118
0.976470588235294
0.977647058823529
0.981176470588235
0.985882352941176
0.985882352941176
0.978823529411765
0.983529411764706
0.994117647058824
0.994117647058824
0.994117647058824
0.992941176470588
0.991764705882353
0.997647058823529
0.995294117647059
0.998823529411765
0.998823529411765
0.996470588235294
1
1
1
1
1
1
1
1
1
1
1
1
1
1
1
1
1
1
1
1
1
1
1
1
1
1
1
1
1
1
1
1
1
1
1
