0
0.2
0.229411764705882
0.270588235294118
0.328235294117647
0.38
0.483529411764706
0.542352941176471
0.631764705882353
0.691764705882353
0.74
0.790588235294118
0.810588235294118
0.869411764705882
0.862352941176471
0.902352941176471
0.907058823529412
0.927058823529412
0.945882352941177
0.942352941176471
0.935294117647059
0.944705882352941
0.956470588235294
0.958823529411765
0.968235294117647
0.981176470588235
0.983529411764706
0.990588235294118
0.985882352941176
0.988235294117647
0.988235294117647
0.992941176470588
0.994117647058824
0.995294117647059
0.995294117647059
0.992941176470588
0.994117647058824
0.997647058823529
0.998823529411765
1
1
1
1
1
1
1
1
1
1
1
1
1
1
1
1
1
1
1
1
1
1
1
1
1
1
1
1
1
1
1
1
1
1
1
1
1
1
1
1
1
1
1
1
1
1
1
1
1
1
1
1
1
1
1
1
