0
0.2
0.22
0.269411764705882
0.322352941176471
0.383529411764706
0.432941176470588
0.521176470588235
0.577647058823529
0.657647058823529
0.718823529411765
0.754117647058824
0.814117647058824
0.870588235294118
0.889411764705882
0.862352941176471
0.882352941176471
0.907058823529412
0.910588235294118
0.922352941176471
0.934117647058823
0.952941176470588
0.969411764705882
0.977647058823529
0.981176470588235
0.985882352941176
0.989411764705882
0.991764705882353
0.996470588235294
0.998823529411765
0.997647058823529
0.995294117647059
0.991764705882353
0.995294117647059
0.996470588235294
0.996470588235294
0.997647058823529
0.997647058823529
0.998823529411765
1
1
1
1
1
1
1
1
1
1
1
1
1
1
1
1
0.998823529411765
1
1
1
1
1
1
1
1
1
1
1
1
1
1
1
1
1
1
1
1
1
1
1
1
1
1
1
1
1
1
1
1
1
1
1
1
1
1
1
