0
0.3
0.349411764705882
0.422352941176471
0.469411764705882
0.590588235294118
0.658823529411765
0.707058823529412
0.743529411764706
0.791764705882353
0.836470588235294
0.874117647058824
0.918823529411765
0.918823529411765
0.942352941176471
0.961176470588235
0.976470588235294
0.98
0.989411764705882
0.992941176470588
0.990588235294118
0.995294117647059
0.992941176470588
0.991764705882353
0.991764705882353
0.994117647058824
0.995294117647059
0.997647058823529
0.998823529411765
0.998823529411765
0.998823529411765
1
1
1
1
1
1
1
1
1
1
1
1
1
1
1
1
1
1
1
1
1
1
1
1
1
1
1
1
1
1
1
1
1
1
1
1
1
1
1
1
1
1
1
1
1
1
1
1
1
1
1
1
1
1
1
1
1
1
1
1
1
1
1
1
