0
0.2
0.223529411764706
0.241176470588235
0.265882352941176
0.281176470588235
0.288235294117647
0.310588235294118
0.328235294117647
0.343529411764706
0.36
0.416470588235294
0.463529411764706
0.476470588235294
0.495294117647059
0.508235294117647
0.529411764705882
0.544705882352941
0.541176470588235
0.56
0.592941176470588
0.642352941176471
0.674117647058823
0.678823529411765
0.712941176470588
0.722352941176471
0.756470588235294
0.768235294117647
0.78
0.78
0.814117647058824
0.817647058823529
0.845882352941176
0.86
0.869411764705882
0.871764705882353
0.874117647058824
0.882352941176471
0.881176470588235
0.892941176470588
0.896470588235294
0.908235294117647
0.930588235294118
0.932941176470588
0.925882352941176
0.943529411764706
0.947058823529412
0.950588235294118
0.962352941176471
0.958823529411765
0.969411764705882
0.972941176470588
0.981176470588235
0.984705882352941
0.987058823529412
0.992941176470588
0.996470588235294
0.995294117647059
0.996470588235294
0.996470588235294
0.996470588235294
0.995294117647059
0.990588235294118
0.995294117647059
0.994117647058824
0.989411764705882
0.988235294117647
0.988235294117647
0.989411764705882
0.988235294117647
0.992941176470588
0.995294117647059
0.996470588235294
0.997647058823529
0.998823529411765
0.998823529411765
1
1
1
1
1
1
1
1
1
1
1
1
1
1
1
1
1
1
1
