0
0.1
0.117647058823529
0.158823529411765
0.231764705882353
0.311764705882353
0.362352941176471
0.456470588235294
0.545882352941176
0.616470588235294
0.672941176470588
0.72
0.781176470588235
0.836470588235294
0.864705882352941
0.881176470588235
0.898823529411765
0.929411764705882
0.936470588235294
0.96
0.957647058823529
0.976470588235294
0.978823529411765
0.992941176470588
0.991764705882353
0.997647058823529
0.996470588235294
0.997647058823529
0.998823529411765
1
1
1
1
1
1
1
1
1
1
1
1
1
1
1
1
1
1
1
1
1
1
1
1
1
1
1
1
1
1
1
1
1
1
1
1
1
1
1
1
1
1
1
1
1
1
1
1
1
1
1
1
1
1
1
1
1
1
1
1
1
1
1
1
1
1
