0
0.4
0.395294117647059
0.432941176470588
0.445882352941176
0.452941176470588
0.464705882352941
0.505882352941176
0.564705882352941
0.563529411764706
0.604705882352941
0.638823529411765
0.669411764705882
0.674117647058823
0.694117647058824
0.716470588235294
0.743529411764706
0.78
0.808235294117647
0.804705882352941
0.848235294117647
0.864705882352941
0.885882352941176
0.902352941176471
0.911764705882353
0.930588235294118
0.948235294117647
0.952941176470588
0.961176470588235
0.970588235294118
0.974117647058824
0.975294117647059
0.975294117647059
0.98
0.98
0.987058823529412
0.982352941176471
0.98
0.972941176470588
0.971764705882353
0.98
0.985882352941176
0.981176470588235
0.978823529411765
0.976470588235294
0.98
0.987058823529412
0.987058823529412
0.988235294117647
0.984705882352941
0.988235294117647
0.989411764705882
0.990588235294118
0.994117647058824
0.995294117647059
0.992941176470588
0.989411764705882
0.989411764705882
0.996470588235294
0.996470588235294
0.997647058823529
1
1
1
1
1
1
1
1
1
1
1
1
1
1
1
1
1
1
1
1
1
1
1
1
1
1
1
1
1
1
1
1
1
1
