0
0.2
0.255294117647059
0.338823529411765
0.484705882352941
0.602352941176471
0.692941176470588
0.78
0.825882352941177
0.852941176470588
0.902352941176471
0.927058823529412
0.955294117647059
0.971764705882353
0.975294117647059
0.984705882352941
0.985882352941176
0.984705882352941
0.983529411764706
0.984705882352941
0.988235294117647
0.989411764705882
0.996470588235294
1
1
1
1
1
1
1
1
1
1
1
1
1
1
1
1
1
1
1
1
1
1
1
1
1
1
1
1
1
1
1
1
1
1
1
1
1
1
1
1
1
1
1
1
1
1
1
1
1
1
1
1
1
1
1
1
1
1
1
1
1
1
1
1
1
1
1
1
1
1
1
1
