0
0.5
0.530588235294118
0.575294117647059
0.58
0.589411764705882
0.596470588235294
0.625882352941176
0.625882352941176
0.607058823529412
0.610588235294118
0.634117647058824
0.667058823529412
0.696470588235294
0.708235294117647
0.702352941176471
0.7
0.707058823529412
0.727058823529412
0.74
0.78
0.796470588235294
0.795294117647059
0.805882352941176
0.798823529411765
0.796470588235294
0.794117647058823
0.8
0.812941176470588
0.823529411764706
0.835294117647059
0.829411764705882
0.847058823529412
0.856470588235294
0.86
0.872941176470588
0.865882352941176
0.870588235294118
0.869411764705882
0.882352941176471
0.870588235294118
0.890588235294118
0.892941176470588
0.911764705882353
0.915294117647059
0.927058823529412
0.928235294117647
0.932941176470588
0.931764705882353
0.94
0.94
0.938823529411765
0.942352941176471
0.945882352941177
0.958823529411765
0.954117647058824
0.958823529411765
0.955294117647059
0.948235294117647
0.938823529411765
0.944705882352941
0.958823529411765
0.968235294117647
0.981176470588235
0.975294117647059
0.977647058823529
0.971764705882353
0.969411764705882
0.970588235294118
0.971764705882353
0.968235294117647
0.982352941176471
0.98
0.981176470588235
0.981176470588235
0.978823529411765
0.978823529411765
0.985882352941176
0.987058823529412
0.989411764705882
0.992941176470588
0.998823529411765
1
1
1
1
1
1
1
1
1
1
1
1
1
