0
0.2
0.258823529411765
0.358823529411765
0.525882352941176
0.663529411764706
0.748235294117647
0.811764705882353
0.877647058823529
0.902352941176471
0.922352941176471
0.948235294117647
0.968235294117647
0.981176470588235
0.988235294117647
0.995294117647059
0.996470588235294
0.998823529411765
0.997647058823529
0.997647058823529
0.997647058823529
0.997647058823529
0.996470588235294
0.996470588235294
0.994117647058824
0.996470588235294
0.998823529411765
1
1
1
1
1
1
1
1
1
1
1
1
1
1
1
1
1
1
1
1
1
1
1
1
1
1
1
1
1
1
1
1
1
1
1
1
1
1
1
1
1
1
1
1
1
1
1
1
1
1
1
1
1
1
1
1
1
1
1
1
1
1
1
1
1
1
1
1
