0
0.1
0.0976470588235294
0.111764705882353
0.117647058823529
0.101176470588235
0.117647058823529
0.128235294117647
0.135294117647059
0.141176470588235
0.161176470588235
0.176470588235294
0.204705882352941
0.230588235294118
0.24
0.28
0.277647058823529
0.28
0.315294117647059
0.335294117647059
0.357647058823529
0.375294117647059
0.408235294117647
0.455294117647059
0.488235294117647
0.492941176470588
0.544705882352941
0.563529411764706
0.635294117647059
0.658823529411765
0.685882352941176
0.697647058823529
0.696470588235294
0.738823529411765
0.745882352941176
0.769411764705882
0.795294117647059
0.828235294117647
0.831764705882353
0.837647058823529
0.850588235294118
0.856470588235294
0.885882352941176
0.902352941176471
0.896470588235294
0.896470588235294
0.924705882352941
0.941176470588235
0.928235294117647
0.945882352941177
0.955294117647059
0.958823529411765
0.971764705882353
0.965882352941177
0.964705882352941
0.974117647058824
0.976470588235294
0.98
0.981176470588235
0.981176470588235
0.987058823529412
0.992941176470588
0.991764705882353
0.994117647058824
0.995294117647059
0.994117647058824
0.992941176470588
0.996470588235294
0.994117647058824
1
1
1
1
1
1
1
1
1
1
1
1
1
1
1
1
1
1
1
1
1
1
1
1
1
1
