0
0.3
0.412941176470588
0.441176470588235
0.538823529411765
0.608235294117647
0.697647058823529
0.757647058823529
0.843529411764706
0.867058823529412
0.891764705882353
0.922352941176471
0.948235294117647
0.965882352941177
0.98
0.981176470588235
0.988235294117647
0.992941176470588
0.990588235294118
0.991764705882353
0.994117647058824
0.992941176470588
0.994117647058824
0.992941176470588
0.991764705882353
0.994117647058824
0.995294117647059
0.994117647058824
0.998823529411765
1
1
1
1
1
1
1
1
1
1
1
1
1
1
1
1
1
1
1
1
1
1
1
1
1
1
1
1
1
1
1
1
1
1
1
1
1
1
1
1
1
1
1
1
1
1
1
1
1
1
1
1
1
1
1
1
1
1
1
1
1
1
1
1
1
1
