0
0.1
0.105882352941176
0.135294117647059
0.18
0.223529411764706
0.269411764705882
0.308235294117647
0.357647058823529
0.443529411764706
0.528235294117647
0.587058823529412
0.638823529411765
0.688235294117647
0.730588235294118
0.774117647058824
0.8
0.828235294117647
0.849411764705882
0.874117647058824
0.911764705882353
0.918823529411765
0.934117647058823
0.944705882352941
0.950588235294118
0.949411764705882
0.961176470588235
0.974117647058824
0.987058823529412
0.991764705882353
0.992941176470588
0.988235294117647
0.990588235294118
0.995294117647059
0.995294117647059
1
1
1
1
1
1
1
1
1
1
1
1
1
1
1
1
1
1
1
1
1
1
1
1
1
1
1
1
1
1
1
1
1
1
1
1
1
1
1
1
1
1
1
1
1
1
1
1
1
1
1
1
1
1
1
1
1
1
1
1
