0
0.3
0.344705882352941
0.417647058823529
0.52
0.618823529411765
0.734117647058824
0.788235294117647
0.830588235294118
0.856470588235294
0.894117647058824
0.910588235294118
0.947058823529412
0.952941176470588
0.952941176470588
0.963529411764706
0.978823529411765
0.988235294117647
0.987058823529412
0.988235294117647
0.990588235294118
0.995294117647059
0.996470588235294
1
1
1
1
1
1
1
1
1
1
1
1
1
1
1
1
1
1
1
1
1
1
1
1
1
1
1
1
1
1
1
1
1
1
1
1
1
1
1
1
1
1
1
1
1
1
1
1
1
1
1
1
1
1
1
1
1
1
1
1
1
1
1
1
1
1
1
1
1
1
1
1
