0
0.2
0.197647058823529
0.207058823529412
0.242352941176471
0.278823529411765
0.327058823529412
0.363529411764706
0.394117647058824
0.429411764705882
0.46
0.532941176470588
0.58
0.611764705882353
0.656470588235294
0.718823529411765
0.747058823529412
0.803529411764706
0.837647058823529
0.858823529411765
0.869411764705882
0.887058823529412
0.909411764705882
0.914117647058823
0.918823529411765
0.94
0.961176470588235
0.964705882352941
0.962352941176471
0.968235294117647
0.974117647058824
0.977647058823529
0.981176470588235
0.984705882352941
0.988235294117647
0.994117647058824
0.997647058823529
0.997647058823529
0.998823529411765
0.998823529411765
0.998823529411765
0.998823529411765
1
1
1
1
1
1
1
1
1
1
1
1
1
1
1
1
1
1
1
1
1
1
1
1
1
1
1
1
1
1
1
1
1
1
1
1
1
1
1
1
1
1
1
1
1
1
1
1
1
1
1
1
1
