0
0.5
0.574117647058824
0.598823529411765
0.656470588235294
0.711764705882353
0.741176470588235
0.758823529411765
0.782352941176471
0.824705882352941
0.827058823529412
0.874117647058824
0.891764705882353
0.909411764705882
0.92
0.925882352941176
0.938823529411765
0.955294117647059
0.961176470588235
0.965882352941177
0.975294117647059
0.982352941176471
0.991764705882353
0.989411764705882
0.995294117647059
0.997647058823529
0.998823529411765
0.997647058823529
0.997647058823529
0.998823529411765
0.997647058823529
0.998823529411765
1
1
1
1
1
1
1
1
1
1
1
1
1
1
1
1
1
1
1
1
1
1
1
1
1
1
1
1
1
1
1
1
1
1
1
1
1
1
1
1
1
1
1
1
1
1
1
1
1
1
1
1
1
1
1
1
1
1
1
1
1
1
1
