0
0.5
0.516470588235294
0.551764705882353
0.590588235294118
0.595294117647059
0.618823529411765
0.621176470588235
0.637647058823529
0.654117647058824
0.655294117647059
0.717647058823529
0.721176470588235
0.762352941176471
0.765882352941176
0.785882352941176
0.797647058823529
0.82
0.865882352941176
0.881176470588235
0.891764705882353
0.910588235294118
0.924705882352941
0.949411764705882
0.944705882352941
0.945882352941177
0.949411764705882
0.949411764705882
0.96
0.955294117647059
0.942352941176471
0.964705882352941
0.977647058823529
0.981176470588235
0.990588235294118
0.997647058823529
0.998823529411765
0.998823529411765
0.996470588235294
0.992941176470588
0.994117647058824
1
1
1
1
1
1
1
1
1
1
1
1
1
1
1
1
1
1
1
1
1
1
1
1
1
1
1
1
1
1
1
1
1
1
1
1
1
1
1
1
1
1
1
1
1
1
1
1
1
1
1
1
1
1
