0
0.2
0.211764705882353
0.217647058823529
0.256470588235294
0.288235294117647
0.284705882352941
0.295294117647059
0.296470588235294
0.271764705882353
0.296470588235294
0.324705882352941
0.318823529411765
0.328235294117647
0.341176470588235
0.358823529411765
0.372941176470588
0.385882352941176
0.408235294117647
0.417647058823529
0.409411764705882
0.428235294117647
0.44
0.468235294117647
0.494117647058824
0.494117647058824
0.515294117647059
0.558823529411765
0.575294117647059
0.581176470588235
0.602352941176471
0.595294117647059
0.632941176470588
0.655294117647059
0.670588235294118
0.68
0.676470588235294
0.674117647058823
0.663529411764706
0.650588235294118
0.671764705882353
0.688235294117647
0.710588235294118
0.722352941176471
0.721176470588235
0.721176470588235
0.714117647058824
0.735294117647059
0.735294117647059
0.765882352941176
0.757647058823529
0.767058823529412
0.789411764705882
0.835294117647059
0.855294117647059
0.863529411764706
0.837647058823529
0.829411764705882
0.821176470588235
0.784705882352941
0.804705882352941
0.831764705882353
0.848235294117647
0.852941176470588
0.86
0.862352941176471
0.843529411764706
0.84
0.874117647058824
0.868235294117647
0.870588235294118
0.891764705882353
0.901176470588235
0.918823529411765
0.936470588235294
0.938823529411765
0.949411764705882
0.950588235294118
0.952941176470588
0.954117647058824
0.952941176470588
0.956470588235294
0.976470588235294
0.981176470588235
0.988235294117647
0.990588235294118
0.992941176470588
0.992941176470588
0.994117647058824
0.997647058823529
0.997647058823529
0.997647058823529
0.995294117647059
0.996470588235294
1
