0
0.4
0.549411764705882
0.702352941176471
0.778823529411765
0.848235294117647
0.897647058823529
0.927058823529412
0.950588235294118
0.965882352941177
0.976470588235294
0.987058823529412
0.985882352941176
0.990588235294118
0.996470588235294
0.991764705882353
0.996470588235294
0.997647058823529
0.997647058823529
0.998823529411765
0.998823529411765
0.998823529411765
1
1
1
1
1
1
1
1
1
1
1
1
1
1
1
1
1
1
1
1
1
1
1
1
1
1
1
1
1
1
1
1
1
1
1
1
1
1
1
1
1
1
1
1
1
1
1
1
1
1
1
1
1
1
1
1
1
1
1
1
1
1
1
1
1
1
1
1
1
1
1
1
1
