0
0.5
0.545882352941176
0.611764705882353
0.703529411764706
0.754117647058824
0.797647058823529
0.836470588235294
0.882352941176471
0.904705882352941
0.928235294117647
0.944705882352941
0.949411764705882
0.962352941176471
0.964705882352941
0.970588235294118
0.971764705882353
0.984705882352941
0.987058823529412
0.990588235294118
0.989411764705882
0.987058823529412
0.987058823529412
0.985882352941176
0.989411764705882
0.992941176470588
0.998823529411765
0.997647058823529
0.998823529411765
0.998823529411765
0.997647058823529
1
1
1
1
1
1
1
1
1
1
1
1
1
1
1
1
1
1
1
1
1
1
1
1
1
1
1
1
1
1
1
1
1
1
1
1
1
1
1
1
1
1
1
1
1
1
1
1
1
1
1
1
1
1
1
1
1
1
1
1
1
1
1
1
