0
0.2
0.231764705882353
0.265882352941176
0.334117647058824
0.392941176470588
0.448235294117647
0.522352941176471
0.607058823529412
0.675294117647059
0.711764705882353
0.762352941176471
0.796470588235294
0.821176470588235
0.845882352941176
0.882352941176471
0.915294117647059
0.930588235294118
0.941176470588235
0.938823529411765
0.949411764705882
0.947058823529412
0.948235294117647
0.944705882352941
0.947058823529412
0.969411764705882
0.98
0.983529411764706
0.988235294117647
0.988235294117647
0.991764705882353
0.989411764705882
0.988235294117647
0.991764705882353
0.991764705882353
0.994117647058824
0.991764705882353
0.990588235294118
0.992941176470588
0.997647058823529
0.995294117647059
0.997647058823529
1
1
1
1
1
1
1
1
1
1
1
1
1
1
1
1
1
1
1
1
1
1
1
1
1
1
1
1
1
1
1
1
1
1
1
1
1
1
1
1
1
1
1
1
1
1
1
1
1
1
1
1
1
