0
0.2
0.284705882352941
0.376470588235294
0.515294117647059
0.651764705882353
0.767058823529412
0.842352941176471
0.863529411764706
0.924705882352941
0.952941176470588
0.955294117647059
0.952941176470588
0.965882352941177
0.977647058823529
0.983529411764706
0.992941176470588
0.995294117647059
0.997647058823529
0.998823529411765
0.998823529411765
0.998823529411765
1
1
1
1
1
1
1
1
1
1
1
1
1
1
1
1
1
1
1
1
1
1
1
1
1
1
1
1
1
1
1
1
1
1
1
1
1
1
1
1
1
1
1
1
1
1
1
1
1
1
1
1
1
1
1
1
1
1
1
1
1
1
1
1
1
1
1
1
1
1
1
1
1
