0
0.1
0.110588235294118
0.112941176470588
0.111764705882353
0.143529411764706
0.190588235294118
0.216470588235294
0.235294117647059
0.283529411764706
0.332941176470588
0.385882352941176
0.429411764705882
0.456470588235294
0.511764705882353
0.536470588235294
0.56
0.583529411764706
0.628235294117647
0.682352941176471
0.717647058823529
0.76
0.790588235294118
0.822352941176471
0.858823529411765
0.863529411764706
0.867058823529412
0.898823529411765
0.909411764705882
0.923529411764706
0.934117647058823
0.945882352941177
0.949411764705882
0.962352941176471
0.964705882352941
0.970588235294118
0.982352941176471
0.976470588235294
0.98
0.983529411764706
0.985882352941176
0.984705882352941
0.987058823529412
0.996470588235294
0.997647058823529
0.997647058823529
0.997647058823529
0.996470588235294
0.998823529411765
0.998823529411765
0.996470588235294
0.994117647058824
0.992941176470588
0.995294117647059
0.997647058823529
0.998823529411765
0.998823529411765
1
1
1
1
1
1
1
1
1
1
1
1
1
1
1
1
1
1
1
1
1
1
1
1
1
1
1
1
1
1
1
1
1
1
1
1
1
1
