0
0.3
0.335294117647059
0.341176470588235
0.376470588235294
0.418823529411765
0.452941176470588
0.503529411764706
0.544705882352941
0.568235294117647
0.574117647058824
0.617647058823529
0.648235294117647
0.649411764705882
0.669411764705882
0.698823529411765
0.745882352941176
0.754117647058824
0.78
0.798823529411765
0.809411764705882
0.830588235294118
0.86
0.852941176470588
0.861176470588235
0.862352941176471
0.857647058823529
0.867058823529412
0.890588235294118
0.907058823529412
0.912941176470588
0.921176470588235
0.92
0.937647058823529
0.932941176470588
0.918823529411765
0.922352941176471
0.936470588235294
0.932941176470588
0.942352941176471
0.938823529411765
0.944705882352941
0.951764705882353
0.970588235294118
0.982352941176471
0.985882352941176
0.991764705882353
0.995294117647059
0.997647058823529
0.997647058823529
0.998823529411765
0.996470588235294
0.998823529411765
1
1
1
1
1
1
1
1
1
1
1
1
1
1
1
1
1
1
1
1
1
1
1
1
1
1
1
1
1
1
1
1
1
1
1
1
1
1
1
1
1
1
