0
0.5
0.501176470588235
0.508235294117647
0.535294117647059
0.528235294117647
0.532941176470588
0.547058823529412
0.552941176470588
0.549411764705882
0.528235294117647
0.551764705882353
0.557647058823529
0.545882352941176
0.534117647058823
0.554117647058823
0.563529411764706
0.603529411764706
0.601176470588235
0.607058823529412
0.608235294117647
0.628235294117647
0.644705882352941
0.649411764705882
0.668235294117647
0.677647058823529
0.696470588235294
0.716470588235294
0.722352941176471
0.763529411764706
0.778823529411765
0.797647058823529
0.815294117647059
0.828235294117647
0.849411764705882
0.855294117647059
0.861176470588235
0.858823529411765
0.874117647058824
0.885882352941176
0.86
0.855294117647059
0.891764705882353
0.895294117647059
0.901176470588235
0.892941176470588
0.889411764705882
0.888235294117647
0.895294117647059
0.905882352941176
0.918823529411765
0.929411764705882
0.934117647058823
0.935294117647059
0.942352941176471
0.94
0.937647058823529
0.947058823529412
0.935294117647059
0.951764705882353
0.950588235294118
0.942352941176471
0.937647058823529
0.950588235294118
0.962352941176471
0.971764705882353
0.975294117647059
0.978823529411765
0.971764705882353
0.967058823529412
0.965882352941177
0.963529411764706
0.961176470588235
0.965882352941177
0.974117647058824
0.974117647058824
0.975294117647059
0.98
0.989411764705882
0.990588235294118
0.992941176470588
0.994117647058824
0.997647058823529
0.997647058823529
0.998823529411765
0.998823529411765
1
1
1
1
1
1
1
1
1
