0
0.5
0.528235294117647
0.589411764705882
0.645882352941176
0.692941176470588
0.734117647058824
0.772941176470588
0.807058823529412
0.837647058823529
0.870588235294118
0.898823529411765
0.911764705882353
0.930588235294118
0.937647058823529
0.943529411764706
0.957647058823529
0.968235294117647
0.972941176470588
0.988235294117647
0.987058823529412
0.995294117647059
0.995294117647059
0.994117647058824
0.997647058823529
0.998823529411765
0.997647058823529
0.998823529411765
0.998823529411765
0.998823529411765
1
1
1
1
1
1
1
1
1
1
1
1
1
1
1
1
1
1
1
1
1
1
1
1
1
1
1
1
1
1
1
1
1
1
1
1
1
1
1
1
1
1
1
1
1
1
1
1
1
1
1
1
1
1
1
1
1
1
1
1
1
1
1
1
1
