0
0.2
0.230588235294118
0.267058823529412
0.318823529411765
0.368235294117647
0.409411764705882
0.435294117647059
0.498823529411765
0.54
0.572941176470588
0.644705882352941
0.655294117647059
0.709411764705882
0.747058823529412
0.805882352941176
0.801176470588235
0.829411764705882
0.881176470588235
0.878823529411765
0.888235294117647
0.896470588235294
0.905882352941176
0.936470588235294
0.925882352941176
0.950588235294118
0.968235294117647
0.975294117647059
0.968235294117647
0.967058823529412
0.965882352941177
0.962352941176471
0.967058823529412
0.964705882352941
0.971764705882353
0.984705882352941
0.988235294117647
0.990588235294118
0.995294117647059
0.998823529411765
1
1
1
1
1
1
1
1
1
1
1
1
1
1
1
1
1
1
1
1
1
1
1
1
1
1
1
1
1
1
1
1
1
1
1
1
1
1
1
1
1
1
1
1
1
1
1
1
1
1
1
1
1
1
1
