0
0.2
0.196470588235294
0.216470588235294
0.214117647058824
0.242352941176471
0.241176470588235
0.248235294117647
0.292941176470588
0.309411764705882
0.317647058823529
0.307058823529412
0.334117647058824
0.343529411764706
0.348235294117647
0.368235294117647
0.376470588235294
0.375294117647059
0.397647058823529
0.409411764705882
0.409411764705882
0.405882352941176
0.357647058823529
0.344705882352941
0.329411764705882
0.328235294117647
0.332941176470588
0.349411764705882
0.377647058823529
0.391764705882353
0.395294117647059
0.409411764705882
0.441176470588235
0.449411764705882
0.467058823529412
0.489411764705882
0.511764705882353
0.550588235294118
0.576470588235294
0.577647058823529
0.602352941176471
0.605882352941176
0.615294117647059
0.645882352941176
0.683529411764706
0.690588235294118
0.701176470588235
0.722352941176471
0.754117647058824
0.743529411764706
0.745882352941176
0.757647058823529
0.788235294117647
0.790588235294118
0.795294117647059
0.802352941176471
0.823529411764706
0.836470588235294
0.851764705882353
0.864705882352941
0.871764705882353
0.882352941176471
0.901176470588235
0.918823529411765
0.915294117647059
0.94
0.948235294117647
0.951764705882353
0.945882352941177
0.947058823529412
0.944705882352941
0.96
0.967058823529412
0.969411764705882
0.974117647058824
0.971764705882353
0.98
0.977647058823529
0.98
0.982352941176471
0.987058823529412
0.990588235294118
0.990588235294118
0.991764705882353
0.991764705882353
0.994117647058824
0.988235294117647
0.990588235294118
0.987058823529412
0.990588235294118
0.985882352941176
0.994117647058824
0.995294117647059
0.996470588235294
0.996470588235294
