0
0.1
0.117647058823529
0.128235294117647
0.171764705882353
0.197647058823529
0.257647058823529
0.315294117647059
0.38
0.471764705882353
0.507058823529412
0.594117647058824
0.66
0.717647058823529
0.76
0.796470588235294
0.851764705882353
0.857647058823529
0.885882352941176
0.9
0.905882352941176
0.929411764705882
0.930588235294118
0.961176470588235
0.972941176470588
0.976470588235294
0.977647058823529
0.98
0.975294117647059
0.972941176470588
0.974117647058824
0.989411764705882
0.991764705882353
0.989411764705882
0.992941176470588
0.995294117647059
0.996470588235294
1
1
1
1
1
1
1
1
1
1
1
1
1
1
1
1
1
1
1
1
1
1
1
1
1
1
1
1
1
1
1
1
1
1
1
1
1
1
1
1
1
1
1
1
1
1
1
1
1
1
1
1
1
1
1
1
1
1
