0
0.2
0.215294117647059
0.215294117647059
0.216470588235294
0.217647058823529
0.236470588235294
0.241176470588235
0.272941176470588
0.285882352941176
0.276470588235294
0.290588235294118
0.284705882352941
0.283529411764706
0.302352941176471
0.318823529411765
0.334117647058824
0.374117647058824
0.365882352941176
0.351764705882353
0.397647058823529
0.432941176470588
0.443529411764706
0.489411764705882
0.508235294117647
0.517647058823529
0.538823529411765
0.56
0.538823529411765
0.561176470588235
0.578823529411765
0.585882352941177
0.615294117647059
0.629411764705882
0.632941176470588
0.631764705882353
0.650588235294118
0.670588235294118
0.670588235294118
0.683529411764706
0.710588235294118
0.707058823529412
0.728235294117647
0.729411764705882
0.755294117647059
0.783529411764706
0.788235294117647
0.784705882352941
0.802352941176471
0.8
0.836470588235294
0.844705882352941
0.848235294117647
0.864705882352941
0.864705882352941
0.882352941176471
0.870588235294118
0.851764705882353
0.831764705882353
0.843529411764706
0.856470588235294
0.872941176470588
0.877647058823529
0.890588235294118
0.909411764705882
0.9
0.911764705882353
0.901176470588235
0.897647058823529
0.892941176470588
0.884705882352941
0.888235294117647
0.9
0.916470588235294
0.934117647058823
0.938823529411765
0.935294117647059
0.934117647058823
0.936470588235294
0.943529411764706
0.942352941176471
0.952941176470588
0.963529411764706
0.965882352941177
0.969411764705882
0.965882352941177
0.969411764705882
0.976470588235294
0.978823529411765
0.978823529411765
0.978823529411765
0.98
0.983529411764706
0.985882352941176
0.991764705882353
