0
0.1
0.117647058823529
0.129411764705882
0.149411764705882
0.165882352941176
0.189411764705882
0.236470588235294
0.298823529411765
0.342352941176471
0.374117647058824
0.4
0.444705882352941
0.503529411764706
0.530588235294118
0.575294117647059
0.602352941176471
0.629411764705882
0.669411764705882
0.672941176470588
0.697647058823529
0.702352941176471
0.735294117647059
0.752941176470588
0.785882352941176
0.807058823529412
0.844705882352941
0.878823529411765
0.901176470588235
0.9
0.928235294117647
0.949411764705882
0.96
0.961176470588235
0.975294117647059
0.983529411764706
0.989411764705882
0.990588235294118
0.984705882352941
0.991764705882353
0.989411764705882
0.990588235294118
0.994117647058824
0.995294117647059
0.997647058823529
0.997647058823529
0.998823529411765
0.998823529411765
0.997647058823529
0.997647058823529
0.997647058823529
0.997647058823529
1
1
1
1
1
1
1
1
1
1
1
1
1
1
1
1
1
1
1
1
1
1
1
1
1
1
1
1
1
1
1
1
1
1
1
1
1
1
1
1
1
1
1
