0
0.5
0.563529411764706
0.655294117647059
0.737647058823529
0.822352941176471
0.881176470588235
0.911764705882353
0.944705882352941
0.956470588235294
0.964705882352941
0.970588235294118
0.970588235294118
0.976470588235294
0.98
0.988235294117647
0.991764705882353
0.996470588235294
0.995294117647059
0.997647058823529
0.995294117647059
0.997647058823529
0.996470588235294
0.998823529411765
0.998823529411765
1
1
1
1
1
1
1
1
1
1
1
1
1
1
1
1
1
1
1
1
1
1
1
1
1
1
1
1
1
1
1
1
1
1
1
1
1
1
1
1
1
1
1
1
1
1
1
1
1
1
1
1
1
1
1
1
1
1
1
1
1
1
1
1
1
1
1
1
1
1
