0
0.2
0.242352941176471
0.316470588235294
0.362352941176471
0.428235294117647
0.484705882352941
0.528235294117647
0.577647058823529
0.634117647058824
0.668235294117647
0.741176470588235
0.78
0.802352941176471
0.861176470588235
0.890588235294118
0.901176470588235
0.911764705882353
0.937647058823529
0.955294117647059
0.967058823529412
0.971764705882353
0.976470588235294
0.971764705882353
0.977647058823529
0.984705882352941
0.982352941176471
0.989411764705882
0.996470588235294
0.994117647058824
0.995294117647059
0.996470588235294
0.998823529411765
1
1
1
1
1
1
1
1
1
1
1
1
1
1
1
1
1
1
1
1
1
1
1
1
1
1
1
1
1
1
1
1
1
1
1
1
1
1
1
1
1
1
1
1
1
1
1
1
1
1
1
1
1
1
1
1
1
1
1
1
1
1
