0
0.3
0.328235294117647
0.383529411764706
0.448235294117647
0.503529411764706
0.551764705882353
0.622352941176471
0.676470588235294
0.725882352941176
0.790588235294118
0.831764705882353
0.864705882352941
0.877647058823529
0.902352941176471
0.931764705882353
0.943529411764706
0.951764705882353
0.957647058823529
0.978823529411765
0.98
0.981176470588235
0.988235294117647
0.998823529411765
0.997647058823529
0.998823529411765
0.998823529411765
0.998823529411765
1
1
1
1
1
1
1
1
1
1
1
1
1
1
1
1
1
1
1
1
1
1
1
1
1
1
1
1
1
1
1
1
1
1
1
1
1
1
1
1
1
1
1
1
1
1
1
1
1
1
1
1
1
1
1
1
1
1
1
1
1
1
1
1
1
1
1
