0
0.1
0.163529411764706
0.265882352941176
0.385882352941176
0.544705882352941
0.697647058823529
0.775294117647059
0.847058823529412
0.884705882352941
0.92
0.956470588235294
0.965882352941177
0.972941176470588
0.981176470588235
0.989411764705882
0.985882352941176
0.987058823529412
0.992941176470588
0.996470588235294
0.996470588235294
0.997647058823529
0.998823529411765
1
1
1
1
1
1
1
1
1
1
1
1
1
1
1
1
1
1
1
1
1
1
1
1
1
1
1
1
1
1
1
1
1
1
1
1
1
1
1
1
1
1
1
1
1
1
1
1
1
1
1
1
1
1
1
1
1
1
1
1
1
1
1
1
1
1
1
1
1
1
1
1
