0
0.2
0.195294117647059
0.201176470588235
0.197647058823529
0.192941176470588
0.216470588235294
0.221176470588235
0.248235294117647
0.263529411764706
0.272941176470588
0.283529411764706
0.288235294117647
0.308235294117647
0.310588235294118
0.302352941176471
0.301176470588235
0.309411764705882
0.335294117647059
0.369411764705882
0.370588235294118
0.384705882352941
0.387058823529412
0.403529411764706
0.404705882352941
0.425882352941176
0.431764705882353
0.444705882352941
0.470588235294118
0.5
0.529411764705882
0.542352941176471
0.583529411764706
0.609411764705882
0.615294117647059
0.634117647058824
0.682352941176471
0.708235294117647
0.724705882352941
0.728235294117647
0.763529411764706
0.795294117647059
0.825882352941177
0.842352941176471
0.835294117647059
0.842352941176471
0.837647058823529
0.843529411764706
0.841176470588235
0.86
0.878823529411765
0.904705882352941
0.922352941176471
0.937647058823529
0.941176470588235
0.936470588235294
0.942352941176471
0.951764705882353
0.962352941176471
0.972941176470588
0.971764705882353
0.978823529411765
0.972941176470588
0.967058823529412
0.977647058823529
0.978823529411765
0.990588235294118
0.985882352941176
0.991764705882353
0.989411764705882
0.989411764705882
0.991764705882353
0.990588235294118
0.987058823529412
0.995294117647059
0.996470588235294
0.998823529411765
1
1
1
1
1
1
1
1
1
1
1
1
1
1
1
1
1
1
