0
0.2
0.212941176470588
0.225882352941176
0.234117647058824
0.255294117647059
0.247058823529412
0.230588235294118
0.257647058823529
0.287058823529412
0.3
0.298823529411765
0.321176470588235
0.298823529411765
0.305882352941176
0.322352941176471
0.345882352941176
0.367058823529412
0.368235294117647
0.411764705882353
0.434117647058824
0.423529411764706
0.416470588235294
0.417647058823529
0.437647058823529
0.474117647058824
0.483529411764706
0.503529411764706
0.515294117647059
0.52
0.544705882352941
0.542352941176471
0.557647058823529
0.569411764705882
0.617647058823529
0.622352941176471
0.627058823529412
0.609411764705882
0.650588235294118
0.665882352941176
0.683529411764706
0.707058823529412
0.701176470588235
0.731764705882353
0.765882352941176
0.774117647058824
0.769411764705882
0.76
0.767058823529412
0.78
0.803529411764706
0.824705882352941
0.827058823529412
0.847058823529412
0.858823529411765
0.864705882352941
0.864705882352941
0.884705882352941
0.896470588235294
0.902352941176471
0.907058823529412
0.901176470588235
0.901176470588235
0.903529411764706
0.914117647058823
0.912941176470588
0.924705882352941
0.930588235294118
0.929411764705882
0.937647058823529
0.944705882352941
0.943529411764706
0.949411764705882
0.945882352941177
0.968235294117647
0.969411764705882
0.982352941176471
0.974117647058824
0.978823529411765
0.977647058823529
0.98
0.98
0.983529411764706
0.991764705882353
0.989411764705882
0.988235294117647
0.991764705882353
0.992941176470588
0.994117647058824
0.992941176470588
0.988235294117647
0.991764705882353
0.989411764705882
0.990588235294118
0.991764705882353
