0
0.1
0.127058823529412
0.129411764705882
0.16
0.181176470588235
0.211764705882353
0.243529411764706
0.276470588235294
0.328235294117647
0.350588235294118
0.381176470588235
0.448235294117647
0.490588235294118
0.509411764705882
0.554117647058823
0.574117647058824
0.627058823529412
0.678823529411765
0.721176470588235
0.752941176470588
0.771764705882353
0.802352941176471
0.835294117647059
0.858823529411765
0.864705882352941
0.889411764705882
0.904705882352941
0.930588235294118
0.950588235294118
0.949411764705882
0.957647058823529
0.96
0.968235294117647
0.971764705882353
0.976470588235294
0.98
0.98
0.987058823529412
0.989411764705882
0.995294117647059
0.995294117647059
0.997647058823529
0.997647058823529
0.997647058823529
0.997647058823529
0.997647058823529
0.997647058823529
0.998823529411765
0.998823529411765
0.997647058823529
0.997647058823529
0.997647058823529
0.998823529411765
1
1
1
1
1
1
1
1
1
1
1
1
1
1
1
1
1
1
1
1
1
1
1
1
1
1
1
1
1
1
1
1
1
1
1
1
1
1
1
1
1
