0
0.1
0.118823529411765
0.14
0.205882352941176
0.274117647058824
0.343529411764706
0.412941176470588
0.478823529411765
0.565882352941177
0.648235294117647
0.705882352941177
0.767058823529412
0.803529411764706
0.854117647058824
0.875294117647059
0.903529411764706
0.930588235294118
0.956470588235294
0.962352941176471
0.964705882352941
0.976470588235294
0.987058823529412
0.995294117647059
0.992941176470588
0.996470588235294
0.997647058823529
0.998823529411765
0.998823529411765
1
1
1
1
1
1
1
1
1
1
1
1
1
1
1
1
1
1
1
1
1
1
1
1
1
1
1
1
1
1
1
1
1
1
1
1
1
1
1
1
1
1
1
1
1
1
1
1
1
1
1
1
1
1
1
1
1
1
1
1
1
1
1
1
1
1
