0
0.4
0.450588235294118
0.490588235294118
0.587058823529412
0.611764705882353
0.657647058823529
0.697647058823529
0.744705882352941
0.792941176470588
0.827058823529412
0.862352941176471
0.908235294117647
0.924705882352941
0.944705882352941
0.958823529411765
0.968235294117647
0.972941176470588
0.969411764705882
0.978823529411765
0.98
0.982352941176471
0.981176470588235
0.978823529411765
0.989411764705882
0.995294117647059
0.998823529411765
0.998823529411765
0.998823529411765
0.998823529411765
0.998823529411765
1
1
1
1
1
1
1
1
1
1
1
1
1
1
1
1
1
1
1
1
1
1
1
1
1
1
1
1
1
1
1
1
1
1
1
1
1
1
1
1
1
1
1
1
1
1
1
1
1
1
1
1
1
1
1
1
1
1
1
1
1
1
1
1
