0
0.1
0.136470588235294
0.192941176470588
0.304705882352941
0.391764705882353
0.497647058823529
0.583529411764706
0.651764705882353
0.750588235294118
0.847058823529412
0.892941176470588
0.916470588235294
0.941176470588235
0.963529411764706
0.977647058823529
0.978823529411765
0.981176470588235
0.988235294117647
0.990588235294118
0.996470588235294
0.998823529411765
1
1
1
1
1
1
1
1
1
1
1
1
1
1
1
1
1
1
1
1
1
1
1
1
1
1
1
1
1
1
1
1
1
1
1
1
1
1
1
1
1
1
1
1
1
1
1
1
1
1
1
1
1
1
1
1
1
1
1
1
1
1
1
1
1
1
1
1
1
1
1
1
1
