0
0.2
0.251764705882353
0.323529411764706
0.38
0.454117647058824
0.548235294117647
0.597647058823529
0.669411764705882
0.761176470588235
0.828235294117647
0.870588235294118
0.897647058823529
0.917647058823529
0.94
0.932941176470588
0.944705882352941
0.955294117647059
0.969411764705882
0.971764705882353
0.976470588235294
0.989411764705882
0.990588235294118
0.992941176470588
0.994117647058824
0.997647058823529
0.998823529411765
0.997647058823529
0.997647058823529
0.998823529411765
1
1
1
1
1
1
1
1
1
1
1
1
1
1
1
1
1
1
1
1
1
1
1
1
1
1
1
1
1
1
1
1
1
1
1
1
1
1
1
1
1
1
1
1
1
1
1
1
1
1
1
1
1
1
1
1
1
1
1
1
1
1
1
1
1
