0
0.1
0.104705882352941
0.12
0.156470588235294
0.182352941176471
0.198823529411765
0.216470588235294
0.288235294117647
0.302352941176471
0.347058823529412
0.361176470588235
0.357647058823529
0.384705882352941
0.448235294117647
0.484705882352941
0.512941176470588
0.527058823529412
0.554117647058823
0.597647058823529
0.66
0.661176470588235
0.685882352941176
0.698823529411765
0.709411764705882
0.741176470588235
0.764705882352941
0.792941176470588
0.811764705882353
0.803529411764706
0.828235294117647
0.816470588235294
0.82
0.835294117647059
0.854117647058824
0.870588235294118
0.872941176470588
0.864705882352941
0.9
0.911764705882353
0.921176470588235
0.937647058823529
0.950588235294118
0.968235294117647
0.970588235294118
0.98
0.981176470588235
0.978823529411765
0.989411764705882
0.995294117647059
0.997647058823529
0.995294117647059
0.996470588235294
0.998823529411765
0.995294117647059
0.991764705882353
0.996470588235294
0.996470588235294
1
1
1
1
1
1
1
1
1
1
1
1
1
1
1
1
1
1
1
1
1
1
1
1
1
1
1
1
1
1
1
1
1
1
1
1
1
