0
0.2
0.255294117647059
0.316470588235294
0.444705882352941
0.552941176470588
0.642352941176471
0.729411764705882
0.784705882352941
0.86
0.892941176470588
0.912941176470588
0.948235294117647
0.952941176470588
0.968235294117647
0.970588235294118
0.984705882352941
0.987058823529412
0.994117647058824
0.996470588235294
0.997647058823529
0.997647058823529
0.998823529411765
1
1
1
1
1
1
1
1
1
1
1
1
1
1
1
1
1
1
1
1
1
1
1
1
1
1
1
1
1
1
1
1
1
1
1
1
1
1
1
1
1
1
1
1
1
1
1
1
1
1
1
1
1
1
1
1
1
1
1
1
1
1
1
1
1
1
1
1
1
1
1
1
