0
0.2
0.237647058823529
0.267058823529412
0.351764705882353
0.44
0.534117647058823
0.598823529411765
0.691764705882353
0.743529411764706
0.768235294117647
0.797647058823529
0.823529411764706
0.842352941176471
0.874117647058824
0.887058823529412
0.918823529411765
0.921176470588235
0.931764705882353
0.937647058823529
0.955294117647059
0.955294117647059
0.961176470588235
0.964705882352941
0.977647058823529
0.970588235294118
0.977647058823529
0.976470588235294
0.982352941176471
0.990588235294118
0.987058823529412
0.989411764705882
0.990588235294118
0.997647058823529
0.996470588235294
0.997647058823529
1
1
1
1
1
1
1
1
1
1
1
1
1
1
1
1
1
1
1
1
1
1
1
1
1
1
1
1
1
1
1
1
1
1
1
1
1
1
1
1
1
1
1
1
1
1
1
1
1
1
1
1
1
1
1
1
1
1
1
