0
0.1
0.138823529411765
0.198823529411765
0.285882352941176
0.42
0.554117647058823
0.683529411764706
0.761176470588235
0.816470588235294
0.864705882352941
0.908235294117647
0.945882352941177
0.965882352941177
0.968235294117647
0.983529411764706
0.983529411764706
0.987058823529412
0.992941176470588
0.990588235294118
0.991764705882353
0.994117647058824
0.995294117647059
0.997647058823529
0.998823529411765
0.998823529411765
0.997647058823529
1
1
1
1
1
1
1
1
1
1
1
1
1
1
1
1
1
1
1
1
1
1
1
1
1
1
1
1
1
1
1
1
1
1
1
1
1
1
1
1
1
1
1
1
1
1
1
1
1
1
1
1
1
1
1
1
1
1
1
1
1
1
1
1
1
1
1
1
