0
0.2
0.247058823529412
0.301176470588235
0.343529411764706
0.414117647058824
0.46
0.531764705882353
0.609411764705882
0.656470588235294
0.697647058823529
0.763529411764706
0.791764705882353
0.844705882352941
0.895294117647059
0.905882352941176
0.914117647058823
0.915294117647059
0.918823529411765
0.94
0.941176470588235
0.954117647058824
0.947058823529412
0.968235294117647
0.974117647058824
0.977647058823529
0.98
0.982352941176471
0.978823529411765
0.972941176470588
0.985882352941176
0.991764705882353
0.991764705882353
0.990588235294118
0.991764705882353
0.991764705882353
0.992941176470588
0.995294117647059
0.996470588235294
1
1
1
1
1
1
1
1
1
1
1
1
1
1
1
1
1
1
1
1
1
1
1
1
1
1
1
1
1
1
1
1
1
1
1
1
1
1
1
1
1
1
1
1
1
1
1
1
1
1
1
1
1
1
1
1
