0
0.1
0.12
0.137647058823529
0.14
0.134117647058824
0.157647058823529
0.177647058823529
0.209411764705882
0.211764705882353
0.202352941176471
0.211764705882353
0.237647058823529
0.251764705882353
0.289411764705882
0.296470588235294
0.315294117647059
0.321176470588235
0.342352941176471
0.378823529411765
0.392941176470588
0.422352941176471
0.448235294117647
0.461176470588235
0.477647058823529
0.521176470588235
0.542352941176471
0.570588235294118
0.555294117647059
0.550588235294118
0.564705882352941
0.590588235294118
0.6
0.642352941176471
0.66
0.66
0.667058823529412
0.677647058823529
0.692941176470588
0.702352941176471
0.736470588235294
0.772941176470588
0.785882352941176
0.784705882352941
0.808235294117647
0.834117647058824
0.850588235294118
0.861176470588235
0.864705882352941
0.895294117647059
0.911764705882353
0.928235294117647
0.944705882352941
0.949411764705882
0.96
0.952941176470588
0.961176470588235
0.958823529411765
0.961176470588235
0.948235294117647
0.958823529411765
0.958823529411765
0.971764705882353
0.970588235294118
0.972941176470588
0.977647058823529
0.98
0.975294117647059
0.982352941176471
0.984705882352941
0.990588235294118
0.983529411764706
0.988235294117647
0.990588235294118
0.992941176470588
0.991764705882353
0.990588235294118
0.994117647058824
0.997647058823529
0.997647058823529
1
1
1
1
1
1
1
1
1
1
1
1
1
1
1
