0
0.2
0.244705882352941
0.344705882352941
0.441176470588235
0.555294117647059
0.652941176470588
0.741176470588235
0.841176470588235
0.874117647058824
0.908235294117647
0.928235294117647
0.945882352941177
0.958823529411765
0.967058823529412
0.968235294117647
0.972941176470588
0.985882352941176
0.992941176470588
0.995294117647059
0.998823529411765
0.998823529411765
1
1
1
1
1
1
1
1
1
1
1
1
1
1
1
1
1
1
1
1
1
1
1
1
1
1
1
1
1
1
1
1
1
1
1
1
1
1
1
1
1
1
1
1
1
1
1
1
1
1
1
1
1
1
1
1
1
1
1
1
1
1
1
1
1
1
1
1
1
1
1
1
1
