0
0.2
0.209411764705882
0.230588235294118
0.217647058823529
0.217647058823529
0.255294117647059
0.264705882352941
0.276470588235294
0.254117647058824
0.274117647058824
0.282352941176471
0.275294117647059
0.28
0.270588235294118
0.292941176470588
0.337647058823529
0.338823529411765
0.376470588235294
0.395294117647059
0.394117647058824
0.398823529411765
0.447058823529412
0.5
0.514117647058824
0.550588235294118
0.564705882352941
0.554117647058823
0.578823529411765
0.558823529411765
0.567058823529412
0.618823529411765
0.641176470588235
0.645882352941176
0.664705882352941
0.645882352941176
0.616470588235294
0.66
0.663529411764706
0.684705882352941
0.663529411764706
0.698823529411765
0.707058823529412
0.7
0.732941176470588
0.754117647058824
0.752941176470588
0.743529411764706
0.776470588235294
0.783529411764706
0.798823529411765
0.798823529411765
0.835294117647059
0.850588235294118
0.867058823529412
0.883529411764706
0.885882352941176
0.907058823529412
0.934117647058823
0.947058823529412
0.956470588235294
0.949411764705882
0.951764705882353
0.96
0.965882352941177
0.969411764705882
0.963529411764706
0.964705882352941
0.969411764705882
0.958823529411765
0.958823529411765
0.963529411764706
0.963529411764706
0.972941176470588
0.982352941176471
0.976470588235294
0.98
0.988235294117647
0.992941176470588
0.988235294117647
0.989411764705882
0.992941176470588
0.994117647058824
0.994117647058824
0.994117647058824
0.995294117647059
0.997647058823529
0.998823529411765
1
1
1
1
1
1
1
