0
0.2
0.229411764705882
0.317647058823529
0.421176470588235
0.510588235294118
0.664705882352941
0.728235294117647
0.791764705882353
0.836470588235294
0.895294117647059
0.905882352941176
0.937647058823529
0.954117647058824
0.965882352941177
0.982352941176471
0.987058823529412
0.990588235294118
0.991764705882353
0.995294117647059
0.991764705882353
0.996470588235294
0.997647058823529
0.996470588235294
0.996470588235294
1
1
1
1
1
1
1
1
1
1
1
1
1
1
1
1
1
1
1
1
1
1
1
1
1
1
1
1
1
1
1
1
1
1
1
1
1
1
1
1
1
1
1
1
1
1
1
1
1
1
1
1
1
1
1
1
1
1
1
1
1
1
1
1
1
1
1
1
1
1
