0
0.3
0.315294117647059
0.336470588235294
0.351764705882353
0.372941176470588
0.422352941176471
0.444705882352941
0.490588235294118
0.522352941176471
0.575294117647059
0.62
0.644705882352941
0.678823529411765
0.722352941176471
0.724705882352941
0.741176470588235
0.782352941176471
0.811764705882353
0.834117647058824
0.858823529411765
0.845882352941176
0.854117647058824
0.862352941176471
0.872941176470588
0.888235294117647
0.907058823529412
0.903529411764706
0.911764705882353
0.922352941176471
0.943529411764706
0.941176470588235
0.938823529411765
0.932941176470588
0.945882352941177
0.948235294117647
0.945882352941177
0.952941176470588
0.954117647058824
0.954117647058824
0.964705882352941
0.957647058823529
0.96
0.958823529411765
0.968235294117647
0.964705882352941
0.965882352941177
0.962352941176471
0.964705882352941
0.969411764705882
0.976470588235294
0.970588235294118
0.969411764705882
0.974117647058824
0.969411764705882
0.981176470588235
0.977647058823529
0.978823529411765
0.982352941176471
0.984705882352941
0.982352941176471
0.985882352941176
0.989411764705882
0.991764705882353
0.991764705882353
0.985882352941176
0.981176470588235
0.984705882352941
0.985882352941176
0.989411764705882
0.992941176470588
0.996470588235294
0.994117647058824
0.992941176470588
0.994117647058824
0.995294117647059
0.992941176470588
0.996470588235294
1
1
1
1
1
1
1
1
1
1
1
1
1
1
1
1
1
