0
0.4
0.427058823529412
0.423529411764706
0.452941176470588
0.443529411764706
0.448235294117647
0.46
0.492941176470588
0.525882352941176
0.517647058823529
0.527058823529412
0.567058823529412
0.565882352941177
0.570588235294118
0.578823529411765
0.602352941176471
0.603529411764706
0.628235294117647
0.631764705882353
0.641176470588235
0.687058823529412
0.684705882352941
0.710588235294118
0.732941176470588
0.754117647058824
0.752941176470588
0.757647058823529
0.76
0.745882352941176
0.744705882352941
0.767058823529412
0.752941176470588
0.761176470588235
0.742352941176471
0.748235294117647
0.781176470588235
0.791764705882353
0.8
0.801176470588235
0.797647058823529
0.835294117647059
0.836470588235294
0.842352941176471
0.850588235294118
0.856470588235294
0.870588235294118
0.887058823529412
0.884705882352941
0.897647058823529
0.901176470588235
0.911764705882353
0.903529411764706
0.9
0.907058823529412
0.901176470588235
0.907058823529412
0.905882352941176
0.917647058823529
0.929411764705882
0.929411764705882
0.930588235294118
0.937647058823529
0.955294117647059
0.961176470588235
0.955294117647059
0.958823529411765
0.942352941176471
0.937647058823529
0.932941176470588
0.931764705882353
0.925882352941176
0.929411764705882
0.934117647058823
0.932941176470588
0.943529411764706
0.929411764705882
0.910588235294118
0.910588235294118
0.924705882352941
0.934117647058823
0.934117647058823
0.948235294117647
0.947058823529412
0.974117647058824
0.976470588235294
0.975294117647059
0.982352941176471
0.988235294117647
0.991764705882353
0.990588235294118
0.989411764705882
0.987058823529412
0.98
0.991764705882353
