0
0.3
0.310588235294118
0.348235294117647
0.416470588235294
0.471764705882353
0.541176470588235
0.583529411764706
0.644705882352941
0.689411764705882
0.737647058823529
0.783529411764706
0.821176470588235
0.862352941176471
0.876470588235294
0.905882352941176
0.937647058823529
0.951764705882353
0.972941176470588
0.98
0.984705882352941
0.985882352941176
0.992941176470588
0.991764705882353
0.995294117647059
0.998823529411765
1
1
1
1
1
1
1
1
1
1
1
1
1
1
1
1
1
1
1
1
1
1
1
1
1
1
1
1
1
1
1
1
1
1
1
1
1
1
1
1
1
1
1
1
1
1
1
1
1
1
1
1
1
1
1
1
1
1
1
1
1
1
1
1
1
1
1
1
1
