0
0.2
0.248235294117647
0.316470588235294
0.361176470588235
0.454117647058824
0.510588235294118
0.555294117647059
0.594117647058824
0.661176470588235
0.678823529411765
0.717647058823529
0.784705882352941
0.834117647058824
0.884705882352941
0.892941176470588
0.92
0.931764705882353
0.945882352941177
0.970588235294118
0.984705882352941
0.989411764705882
0.985882352941176
0.994117647058824
0.994117647058824
0.996470588235294
0.998823529411765
1
1
1
1
1
1
1
1
1
1
1
1
1
1
1
1
1
1
1
1
1
1
1
1
1
1
1
1
1
1
1
1
1
1
1
1
1
1
1
1
1
1
1
1
1
1
1
1
1
1
1
1
1
1
1
1
1
1
1
1
1
1
1
1
1
1
1
1
