0
0.1
0.128235294117647
0.151764705882353
0.195294117647059
0.214117647058824
0.238823529411765
0.254117647058824
0.28
0.291764705882353
0.316470588235294
0.383529411764706
0.416470588235294
0.462352941176471
0.491764705882353
0.530588235294118
0.6
0.670588235294118
0.738823529411765
0.769411764705882
0.761176470588235
0.776470588235294
0.818823529411765
0.824705882352941
0.825882352941177
0.848235294117647
0.869411764705882
0.881176470588235
0.896470588235294
0.907058823529412
0.925882352941176
0.952941176470588
0.949411764705882
0.955294117647059
0.96
0.972941176470588
0.974117647058824
0.974117647058824
0.985882352941176
0.988235294117647
0.984705882352941
0.987058823529412
0.992941176470588
0.992941176470588
0.990588235294118
0.991764705882353
0.992941176470588
0.995294117647059
0.997647058823529
0.997647058823529
0.996470588235294
0.997647058823529
0.998823529411765
1
1
1
1
1
1
1
1
1
1
1
1
1
1
1
1
1
1
1
1
1
1
1
1
1
1
1
1
1
1
1
1
1
1
1
1
1
1
1
1
1
1
