0
0.4
0.550588235294118
0.663529411764706
0.795294117647059
0.877647058823529
0.918823529411765
0.949411764705882
0.962352941176471
0.982352941176471
0.983529411764706
0.987058823529412
0.994117647058824
0.994117647058824
0.996470588235294
0.994117647058824
0.995294117647059
0.997647058823529
0.995294117647059
0.997647058823529
0.996470588235294
0.996470588235294
0.997647058823529
0.998823529411765
1
1
1
1
1
1
1
1
1
1
1
1
1
1
1
1
1
1
1
1
1
1
1
1
1
1
1
1
1
1
1
1
1
1
1
1
1
1
1
1
1
1
1
1
1
1
1
1
1
1
1
1
1
1
1
1
1
1
1
1
1
1
1
1
1
1
1
1
1
1
1
