0
0.2
0.225882352941176
0.254117647058824
0.285882352941176
0.330588235294118
0.412941176470588
0.476470588235294
0.548235294117647
0.589411764705882
0.663529411764706
0.715294117647059
0.761176470588235
0.792941176470588
0.830588235294118
0.838823529411765
0.848235294117647
0.869411764705882
0.912941176470588
0.941176470588235
0.951764705882353
0.967058823529412
0.970588235294118
0.975294117647059
0.978823529411765
0.989411764705882
0.998823529411765
1
1
1
1
1
1
1
1
1
1
1
1
1
1
1
1
1
1
1
1
1
1
1
1
1
1
1
1
1
1
1
1
1
1
1
1
1
1
1
1
1
1
1
1
1
1
1
1
1
1
1
1
1
1
1
1
1
1
1
1
1
1
1
1
1
1
1
1
