0.01
0.0285714285714286
0.0214285714285714
0.0357142857142857
0.0428571428571429
0.0428571428571429
0.0714285714285714
0.0785714285714286
0.0928571428571429
0.192857142857143
0.178571428571429
0.192857142857143
0.228571428571429
0.228571428571429
0.321428571428571
0.385714285714286
0.45
0.542857142857143
0.592857142857143
0.714285714285714
0.735714285714286
0.778571428571429
0.792857142857143
0.864285714285714
0.892857142857143
0.878571428571429
0.935714285714286
0.957142857142857
0.971428571428571
0.985714285714286
0.985714285714286
0.971428571428571
0.985714285714286
0.992857142857143
0.985714285714286
0.978571428571429
0.971428571428571
0.971428571428571
0.985714285714286
0.964285714285714
