0.08
0.135714285714286
0.107142857142857
0.107142857142857
0.15
0.128571428571429
0.107142857142857
0.0928571428571429
0.1
0.128571428571429
0.135714285714286
0.164285714285714
0.207142857142857
0.207142857142857
0.221428571428571
0.307142857142857
0.328571428571429
0.357142857142857
0.457142857142857
0.528571428571429
0.514285714285714
0.571428571428571
0.614285714285714
0.742857142857143
0.728571428571429
0.778571428571429
0.85
0.85
0.885714285714286
0.892857142857143
0.878571428571429
0.9
0.914285714285714
0.942857142857143
0.964285714285714
0.964285714285714
0.985714285714286
1
1
1
