0.06
0.0857142857142857
0.121428571428571
0.15
0.192857142857143
0.221428571428571
0.228571428571429
0.3
0.364285714285714
0.385714285714286
0.435714285714286
0.485714285714286
0.435714285714286
0.435714285714286
0.435714285714286
0.435714285714286
0.542857142857143
0.614285714285714
0.6
0.657142857142857
0.678571428571429
0.678571428571429
0.721428571428571
0.735714285714286
0.821428571428571
0.892857142857143
0.921428571428571
0.921428571428571
0.978571428571429
0.985714285714286
0.992857142857143
0.992857142857143
0.992857142857143
0.992857142857143
0.992857142857143
0.992857142857143
1
1
1
1
