0.04
0.0642857142857143
0.0857142857142857
0.0857142857142857
0.142857142857143
0.15
0.185714285714286
0.25
0.321428571428571
0.378571428571429
0.492857142857143
0.557142857142857
0.55
0.642857142857143
0.792857142857143
0.821428571428571
0.842857142857143
0.907142857142857
0.942857142857143
0.935714285714286
0.964285714285714
0.985714285714286
0.978571428571429
0.978571428571429
0.985714285714286
0.978571428571429
0.978571428571429
0.971428571428571
0.964285714285714
0.985714285714286
0.971428571428571
0.985714285714286
0.978571428571429
0.971428571428571
0.978571428571429
0.992857142857143
0.992857142857143
0.992857142857143
0.992857142857143
1
