0.04
0.0642857142857143
0.0571428571428571
0.0571428571428571
0.0642857142857143
0.0857142857142857
0.0785714285714286
0.0785714285714286
0.05
0.0714285714285714
0.0785714285714286
0.0857142857142857
0.107142857142857
0.135714285714286
0.135714285714286
0.142857142857143
0.2
0.278571428571429
0.335714285714286
0.4
0.442857142857143
0.507142857142857
0.621428571428571
0.621428571428571
0.714285714285714
0.785714285714286
0.807142857142857
0.835714285714286
0.878571428571429
0.914285714285714
0.928571428571429
0.928571428571429
0.921428571428571
0.928571428571429
0.95
0.978571428571429
0.985714285714286
0.985714285714286
0.992857142857143
1
