0.06
0.0785714285714286
0.128571428571429
0.142857142857143
0.2
0.3
0.385714285714286
0.442857142857143
0.564285714285714
0.571428571428571
0.578571428571429
0.65
0.692857142857143
0.735714285714286
0.785714285714286
0.85
0.828571428571429
0.864285714285714
0.907142857142857
0.928571428571429
0.928571428571429
0.95
0.95
0.957142857142857
0.964285714285714
0.957142857142857
0.978571428571429
0.992857142857143
0.992857142857143
0.985714285714286
0.992857142857143
0.992857142857143
1
1
1
1
1
1
1
1
