0.07
0.1
0.0785714285714286
0.15
0.178571428571429
0.278571428571429
0.307142857142857
0.342857142857143
0.335714285714286
0.4
0.342857142857143
0.4
0.471428571428571
0.542857142857143
0.557142857142857
0.557142857142857
0.535714285714286
0.564285714285714
0.614285714285714
0.714285714285714
0.7
0.728571428571429
0.771428571428571
0.785714285714286
0.842857142857143
0.871428571428571
0.842857142857143
0.821428571428571
0.792857142857143
0.757142857142857
0.792857142857143
0.814285714285714
0.814285714285714
0.835714285714286
0.842857142857143
0.871428571428571
0.9
0.907142857142857
0.9
0.935714285714286
