0.05
0.0714285714285714
0.0857142857142857
0.135714285714286
0.15
0.15
0.214285714285714
0.271428571428571
0.292857142857143
0.35
0.342857142857143
0.357142857142857
0.414285714285714
0.464285714285714
0.507142857142857
0.585714285714286
0.6
0.692857142857143
0.7
0.742857142857143
0.728571428571429
0.771428571428571
0.821428571428571
0.835714285714286
0.85
0.785714285714286
0.842857142857143
0.857142857142857
0.878571428571429
0.892857142857143
0.914285714285714
0.942857142857143
0.95
0.971428571428571
0.971428571428571
0.978571428571429
0.985714285714286
1
1
1
