0.09
0.0714285714285714
0.107142857142857
0.135714285714286
0.164285714285714
0.185714285714286
0.192857142857143
0.235714285714286
0.228571428571429
0.3
0.314285714285714
0.35
0.364285714285714
0.45
0.492857142857143
0.485714285714286
0.492857142857143
0.507142857142857
0.471428571428571
0.478571428571429
0.464285714285714
0.507142857142857
0.464285714285714
0.528571428571429
0.55
0.564285714285714
0.614285714285714
0.714285714285714
0.771428571428571
0.8
0.828571428571429
0.842857142857143
0.835714285714286
0.864285714285714
0.871428571428571
0.885714285714286
0.921428571428571
0.95
0.957142857142857
0.942857142857143
