0.08
0.128571428571429
0.114285714285714
0.157142857142857
0.157142857142857
0.164285714285714
0.135714285714286
0.128571428571429
0.157142857142857
0.164285714285714
0.178571428571429
0.228571428571429
0.3
0.307142857142857
0.4
0.385714285714286
0.414285714285714
0.45
0.492857142857143
0.55
0.578571428571429
0.607142857142857
0.635714285714286
0.621428571428571
0.678571428571429
0.728571428571429
0.75
0.714285714285714
0.721428571428571
0.742857142857143
0.807142857142857
0.814285714285714
0.821428571428571
0.828571428571429
0.871428571428571
0.885714285714286
0.871428571428571
0.878571428571429
0.892857142857143
0.935714285714286
