0.1
0.114285714285714
0.114285714285714
0.128571428571429
0.0928571428571429
0.135714285714286
0.114285714285714
0.15
0.228571428571429
0.271428571428571
0.342857142857143
0.335714285714286
0.407142857142857
0.428571428571429
0.428571428571429
0.457142857142857
0.478571428571429
0.478571428571429
0.464285714285714
0.442857142857143
0.528571428571429
0.542857142857143
0.542857142857143
0.607142857142857
0.714285714285714
0.678571428571429
0.678571428571429
0.678571428571429
0.735714285714286
0.771428571428571
0.828571428571429
0.892857142857143
0.914285714285714
0.928571428571429
0.907142857142857
0.885714285714286
0.871428571428571
0.857142857142857
0.907142857142857
0.885714285714286
