0.09
0.128571428571429
0.0714285714285714
0.1
0.128571428571429
0.142857142857143
0.128571428571429
0.128571428571429
0.114285714285714
0.114285714285714
0.171428571428571
0.235714285714286
0.307142857142857
0.314285714285714
0.371428571428571
0.45
0.45
0.471428571428571
0.542857142857143
0.564285714285714
0.6
0.628571428571429
0.664285714285714
0.6
0.692857142857143
0.757142857142857
0.75
0.814285714285714
0.857142857142857
0.892857142857143
0.885714285714286
0.921428571428571
0.964285714285714
0.957142857142857
0.971428571428571
0.971428571428571
0.985714285714286
0.971428571428571
0.985714285714286
0.978571428571429
