0.01
0.0142857142857143
0.0357142857142857
0.0214285714285714
0.05
0.107142857142857
0.128571428571429
0.1
0.0928571428571429
0.171428571428571
0.171428571428571
0.221428571428571
0.264285714285714
0.264285714285714
0.328571428571429
0.357142857142857
0.407142857142857
0.464285714285714
0.564285714285714
0.628571428571429
0.635714285714286
0.614285714285714
0.728571428571429
0.8
0.821428571428571
0.864285714285714
0.9
0.942857142857143
0.964285714285714
0.957142857142857
0.95
0.978571428571429
1
1
1
1
1
1
1
1
