0.06
0.0714285714285714
0.0571428571428571
0.0714285714285714
0.1
0.1
0.0714285714285714
0.0857142857142857
0.0571428571428571
0.0785714285714286
0.0928571428571429
0.15
0.142857142857143
0.15
0.214285714285714
0.314285714285714
0.278571428571429
0.271428571428571
0.342857142857143
0.4
0.535714285714286
0.55
0.664285714285714
0.742857142857143
0.8
0.85
0.842857142857143
0.878571428571429
0.864285714285714
0.907142857142857
0.907142857142857
0.935714285714286
0.942857142857143
0.95
0.978571428571429
0.985714285714286
1
1
1
1
