0.09
0.135714285714286
0.15
0.142857142857143
0.15
0.171428571428571
0.192857142857143
0.257142857142857
0.292857142857143
0.321428571428571
0.292857142857143
0.314285714285714
0.371428571428571
0.414285714285714
0.428571428571429
0.478571428571429
0.45
0.478571428571429
0.535714285714286
0.521428571428571
0.635714285714286
0.721428571428571
0.771428571428571
0.764285714285714
0.771428571428571
0.807142857142857
0.828571428571429
0.864285714285714
0.907142857142857
0.907142857142857
0.942857142857143
0.935714285714286
0.942857142857143
0.95
0.964285714285714
0.95
0.935714285714286
0.964285714285714
1
1
