0.07
0.0928571428571429
0.128571428571429
0.185714285714286
0.264285714285714
0.335714285714286
0.4
0.378571428571429
0.314285714285714
0.35
0.407142857142857
0.628571428571429
0.692857142857143
0.735714285714286
0.814285714285714
0.814285714285714
0.864285714285714
0.885714285714286
0.885714285714286
0.864285714285714
0.864285714285714
0.9
0.907142857142857
0.921428571428571
0.914285714285714
0.957142857142857
0.964285714285714
0.978571428571429
0.985714285714286
0.992857142857143
0.985714285714286
0.978571428571429
0.992857142857143
0.992857142857143
1
1
1
1
1
1
