0.01
0.0142857142857143
0.0142857142857143
0.0142857142857143
0.0214285714285714
0.0142857142857143
0.0142857142857143
0.0142857142857143
0.0285714285714286
0.0428571428571429
0.0642857142857143
0.0857142857142857
0.114285714285714
0.135714285714286
0.142857142857143
0.171428571428571
0.171428571428571
0.2
0.25
0.25
0.264285714285714
0.335714285714286
0.407142857142857
0.485714285714286
0.521428571428571
0.521428571428571
0.514285714285714
0.557142857142857
0.621428571428571
0.642857142857143
0.685714285714286
0.735714285714286
0.771428571428571
0.864285714285714
0.9
0.857142857142857
0.885714285714286
0.871428571428571
0.9
0.95
