0.04
0.0571428571428571
0.1
0.135714285714286
0.185714285714286
0.214285714285714
0.242857142857143
0.25
0.335714285714286
0.35
0.335714285714286
0.392857142857143
0.514285714285714
0.571428571428571
0.542857142857143
0.564285714285714
0.585714285714286
0.628571428571429
0.714285714285714
0.778571428571429
0.821428571428571
0.864285714285714
0.892857142857143
0.9
0.935714285714286
0.978571428571429
0.971428571428571
0.957142857142857
0.964285714285714
0.942857142857143
0.942857142857143
0.964285714285714
0.992857142857143
0.985714285714286
1
1
1
1
1
1
