0.03
0.0142857142857143
0.0214285714285714
0.0642857142857143
0.0857142857142857
0.0714285714285714
0.0928571428571429
0.121428571428571
0.142857142857143
0.15
0.214285714285714
0.242857142857143
0.3
0.264285714285714
0.271428571428571
0.328571428571429
0.342857142857143
0.364285714285714
0.378571428571429
0.378571428571429
0.442857142857143
0.478571428571429
0.514285714285714
0.557142857142857
0.542857142857143
0.557142857142857
0.65
0.671428571428571
0.657142857142857
0.664285714285714
0.685714285714286
0.75
0.764285714285714
0.821428571428571
0.914285714285714
0.921428571428571
0.942857142857143
0.942857142857143
0.921428571428571
0.907142857142857
