0.1
0.0714285714285714
0.0785714285714286
0.114285714285714
0.171428571428571
0.2
0.164285714285714
0.157142857142857
0.164285714285714
0.128571428571429
0.164285714285714
0.185714285714286
0.235714285714286
0.271428571428571
0.285714285714286
0.321428571428571
0.3
0.392857142857143
0.45
0.442857142857143
0.435714285714286
0.55
0.635714285714286
0.635714285714286
0.628571428571429
0.628571428571429
0.671428571428571
0.664285714285714
0.671428571428571
0.721428571428571
0.714285714285714
0.75
0.778571428571429
0.785714285714286
0.821428571428571
0.835714285714286
0.864285714285714
0.878571428571429
0.885714285714286
0.914285714285714
