0.08
0.107142857142857
0.207142857142857
0.235714285714286
0.207142857142857
0.2
0.271428571428571
0.342857142857143
0.371428571428571
0.414285714285714
0.421428571428571
0.478571428571429
0.407142857142857
0.457142857142857
0.521428571428571
0.542857142857143
0.578571428571429
0.592857142857143
0.642857142857143
0.671428571428571
0.7
0.714285714285714
0.771428571428571
0.842857142857143
0.907142857142857
0.914285714285714
0.914285714285714
0.914285714285714
0.928571428571429
0.978571428571429
0.971428571428571
0.978571428571429
0.971428571428571
0.971428571428571
0.978571428571429
0.992857142857143
0.992857142857143
1
1
1
