0.02
0.0214285714285714
0.0428571428571429
0.0285714285714286
0.00714285714285714
0.0142857142857143
0.0214285714285714
0.0428571428571429
0.0714285714285714
0.121428571428571
0.15
0.192857142857143
0.185714285714286
0.178571428571429
0.185714285714286
0.15
0.207142857142857
0.271428571428571
0.292857142857143
0.328571428571429
0.371428571428571
0.457142857142857
0.485714285714286
0.421428571428571
0.478571428571429
0.564285714285714
0.571428571428571
0.6
0.721428571428571
0.807142857142857
0.785714285714286
0.835714285714286
0.871428571428571
0.864285714285714
0.878571428571429
0.864285714285714
0.892857142857143
0.9
0.892857142857143
0.914285714285714
