0.07
0.1
0.1
0.107142857142857
0.142857142857143
0.15
0.2
0.2
0.235714285714286
0.207142857142857
0.257142857142857
0.307142857142857
0.371428571428571
0.385714285714286
0.342857142857143
0.321428571428571
0.364285714285714
0.4
0.464285714285714
0.507142857142857
0.45
0.464285714285714
0.521428571428571
0.528571428571429
0.6
0.592857142857143
0.535714285714286
0.635714285714286
0.65
0.671428571428571
0.707142857142857
0.728571428571429
0.778571428571429
0.8
0.85
0.842857142857143
0.885714285714286
0.885714285714286
0.878571428571429
0.907142857142857
