0.07
0.0857142857142857
0.128571428571429
0.142857142857143
0.2
0.271428571428571
0.271428571428571
0.285714285714286
0.335714285714286
0.371428571428571
0.471428571428571
0.521428571428571
0.564285714285714
0.592857142857143
0.657142857142857
0.721428571428571
0.785714285714286
0.821428571428571
0.8
0.814285714285714
0.807142857142857
0.807142857142857
0.814285714285714
0.85
0.878571428571429
0.892857142857143
0.892857142857143
0.907142857142857
0.95
0.942857142857143
0.935714285714286
0.914285714285714
0.907142857142857
0.935714285714286
0.935714285714286
0.942857142857143
0.957142857142857
0.964285714285714
0.971428571428571
0.985714285714286
