0.1
0.135714285714286
0.192857142857143
0.3
0.321428571428571
0.314285714285714
0.4
0.371428571428571
0.442857142857143
0.435714285714286
0.528571428571429
0.571428571428571
0.564285714285714
0.585714285714286
0.571428571428571
0.657142857142857
0.721428571428571
0.678571428571429
0.714285714285714
0.764285714285714
0.778571428571429
0.785714285714286
0.864285714285714
0.871428571428571
0.878571428571429
0.914285714285714
0.907142857142857
0.942857142857143
0.95
0.978571428571429
0.992857142857143
1
1
1
1
1
1
1
1
1
