0.08
0.135714285714286
0.157142857142857
0.271428571428571
0.407142857142857
0.428571428571429
0.521428571428571
0.585714285714286
0.657142857142857
0.7
0.707142857142857
0.735714285714286
0.728571428571429
0.728571428571429
0.735714285714286
0.728571428571429
0.707142857142857
0.714285714285714
0.764285714285714
0.771428571428571
0.8
0.785714285714286
0.764285714285714
0.807142857142857
0.835714285714286
0.9
0.892857142857143
0.942857142857143
0.942857142857143
0.957142857142857
0.992857142857143
0.992857142857143
0.992857142857143
1
1
1
1
1
1
1
