0.07
0.114285714285714
0.107142857142857
0.185714285714286
0.235714285714286
0.292857142857143
0.321428571428571
0.285714285714286
0.3
0.357142857142857
0.35
0.392857142857143
0.542857142857143
0.578571428571429
0.635714285714286
0.671428571428571
0.721428571428571
0.692857142857143
0.707142857142857
0.792857142857143
0.835714285714286
0.857142857142857
0.835714285714286
0.792857142857143
0.771428571428571
0.764285714285714
0.778571428571429
0.807142857142857
0.807142857142857
0.828571428571429
0.807142857142857
0.828571428571429
0.85
0.9
0.914285714285714
0.95
0.957142857142857
0.921428571428571
0.928571428571429
0.957142857142857
