0.06
0.0928571428571429
0.135714285714286
0.121428571428571
0.157142857142857
0.164285714285714
0.257142857142857
0.228571428571429
0.221428571428571
0.235714285714286
0.292857142857143
0.392857142857143
0.442857142857143
0.478571428571429
0.528571428571429
0.542857142857143
0.628571428571429
0.707142857142857
0.742857142857143
0.778571428571429
0.771428571428571
0.807142857142857
0.864285714285714
0.878571428571429
0.914285714285714
0.935714285714286
0.942857142857143
0.971428571428571
0.992857142857143
0.971428571428571
0.992857142857143
0.992857142857143
0.985714285714286
0.985714285714286
0.992857142857143
0.985714285714286
0.985714285714286
0.992857142857143
1
1
