0.08
0.0857142857142857
0.1
0.171428571428571
0.228571428571429
0.3
0.357142857142857
0.392857142857143
0.414285714285714
0.45
0.5
0.435714285714286
0.385714285714286
0.492857142857143
0.535714285714286
0.528571428571429
0.65
0.628571428571429
0.692857142857143
0.7
0.692857142857143
0.685714285714286
0.735714285714286
0.771428571428571
0.75
0.807142857142857
0.821428571428571
0.842857142857143
0.864285714285714
0.871428571428571
0.871428571428571
0.907142857142857
0.907142857142857
0.935714285714286
0.942857142857143
0.942857142857143
0.928571428571429
0.95
0.914285714285714
0.921428571428571
