0.08
0.0785714285714286
0.128571428571429
0.135714285714286
0.178571428571429
0.171428571428571
0.278571428571429
0.364285714285714
0.321428571428571
0.278571428571429
0.242857142857143
0.314285714285714
0.328571428571429
0.342857142857143
0.35
0.378571428571429
0.414285714285714
0.45
0.507142857142857
0.557142857142857
0.564285714285714
0.65
0.7
0.721428571428571
0.707142857142857
0.721428571428571
0.721428571428571
0.757142857142857
0.785714285714286
0.85
0.864285714285714
0.835714285714286
0.871428571428571
0.907142857142857
0.907142857142857
0.928571428571429
0.921428571428571
0.892857142857143
0.885714285714286
0.921428571428571
