0.06
0.0428571428571429
0.05
0.0928571428571429
0.0857142857142857
0.0714285714285714
0.0714285714285714
0.0714285714285714
0.0642857142857143
0.121428571428571
0.128571428571429
0.135714285714286
0.142857142857143
0.142857142857143
0.2
0.235714285714286
0.314285714285714
0.328571428571429
0.4
0.407142857142857
0.428571428571429
0.464285714285714
0.485714285714286
0.528571428571429
0.514285714285714
0.528571428571429
0.571428571428571
0.664285714285714
0.735714285714286
0.678571428571429
0.7
0.8
0.814285714285714
0.828571428571429
0.892857142857143
0.921428571428571
0.9
0.892857142857143
0.857142857142857
0.864285714285714
