0.08
0.128571428571429
0.164285714285714
0.178571428571429
0.214285714285714
0.235714285714286
0.228571428571429
0.221428571428571
0.214285714285714
0.214285714285714
0.271428571428571
0.257142857142857
0.328571428571429
0.35
0.385714285714286
0.392857142857143
0.392857142857143
0.45
0.442857142857143
0.442857142857143
0.471428571428571
0.485714285714286
0.592857142857143
0.628571428571429
0.678571428571429
0.75
0.771428571428571
0.835714285714286
0.821428571428571
0.814285714285714
0.842857142857143
0.885714285714286
0.885714285714286
0.907142857142857
0.964285714285714
0.978571428571429
0.978571428571429
0.978571428571429
0.971428571428571
0.971428571428571
