0.1
0.157142857142857
0.164285714285714
0.15
0.164285714285714
0.15
0.171428571428571
0.192857142857143
0.214285714285714
0.264285714285714
0.271428571428571
0.285714285714286
0.307142857142857
0.357142857142857
0.392857142857143
0.35
0.328571428571429
0.35
0.378571428571429
0.378571428571429
0.45
0.564285714285714
0.542857142857143
0.621428571428571
0.585714285714286
0.707142857142857
0.757142857142857
0.735714285714286
0.785714285714286
0.785714285714286
0.8
0.814285714285714
0.821428571428571
0.835714285714286
0.857142857142857
0.85
0.878571428571429
0.9
0.964285714285714
0.978571428571429
