0.01
0.0214285714285714
0.0142857142857143
0.05
0.0928571428571429
0.128571428571429
0.157142857142857
0.214285714285714
0.207142857142857
0.185714285714286
0.214285714285714
0.271428571428571
0.371428571428571
0.45
0.45
0.507142857142857
0.585714285714286
0.585714285714286
0.692857142857143
0.678571428571429
0.778571428571429
0.757142857142857
0.757142857142857
0.764285714285714
0.792857142857143
0.771428571428571
0.807142857142857
0.8
0.821428571428571
0.792857142857143
0.828571428571429
0.821428571428571
0.814285714285714
0.821428571428571
0.864285714285714
0.814285714285714
0.885714285714286
0.878571428571429
0.921428571428571
0.921428571428571
