0.02
0.0142857142857143
0.0357142857142857
0.0428571428571429
0.0785714285714286
0.1
0.157142857142857
0.192857142857143
0.185714285714286
0.207142857142857
0.242857142857143
0.285714285714286
0.385714285714286
0.364285714285714
0.385714285714286
0.407142857142857
0.478571428571429
0.528571428571429
0.521428571428571
0.585714285714286
0.664285714285714
0.7
0.757142857142857
0.814285714285714
0.814285714285714
0.807142857142857
0.864285714285714
0.892857142857143
0.885714285714286
0.885714285714286
0.878571428571429
0.871428571428571
0.892857142857143
0.935714285714286
0.935714285714286
0.957142857142857
0.957142857142857
0.971428571428571
0.978571428571429
0.985714285714286
