0.08
0.114285714285714
0.178571428571429
0.242857142857143
0.3
0.335714285714286
0.35
0.421428571428571
0.478571428571429
0.442857142857143
0.507142857142857
0.564285714285714
0.671428571428571
0.685714285714286
0.742857142857143
0.764285714285714
0.785714285714286
0.807142857142857
0.85
0.885714285714286
0.935714285714286
0.957142857142857
0.964285714285714
0.978571428571429
0.971428571428571
0.985714285714286
0.992857142857143
0.992857142857143
0.985714285714286
0.985714285714286
0.978571428571429
0.985714285714286
0.992857142857143
1
1
1
1
1
1
1
