0.08
0.0714285714285714
0.128571428571429
0.185714285714286
0.178571428571429
0.192857142857143
0.207142857142857
0.221428571428571
0.264285714285714
0.292857142857143
0.357142857142857
0.407142857142857
0.485714285714286
0.507142857142857
0.592857142857143
0.621428571428571
0.657142857142857
0.607142857142857
0.657142857142857
0.657142857142857
0.657142857142857
0.735714285714286
0.771428571428571
0.75
0.764285714285714
0.707142857142857
0.735714285714286
0.8
0.814285714285714
0.764285714285714
0.785714285714286
0.807142857142857
0.8
0.821428571428571
0.871428571428571
0.814285714285714
0.857142857142857
0.878571428571429
0.9
0.907142857142857
