0.03
0.0285714285714286
0.0357142857142857
0.05
0.05
0.0571428571428571
0.0928571428571429
0.107142857142857
0.128571428571429
0.15
0.157142857142857
0.207142857142857
0.292857142857143
0.3
0.307142857142857
0.335714285714286
0.385714285714286
0.385714285714286
0.4
0.464285714285714
0.5
0.542857142857143
0.585714285714286
0.557142857142857
0.635714285714286
0.692857142857143
0.692857142857143
0.735714285714286
0.771428571428571
0.828571428571429
0.828571428571429
0.85
0.835714285714286
0.857142857142857
0.857142857142857
0.885714285714286
0.921428571428571
0.957142857142857
0.942857142857143
0.928571428571429
