0.03
0.0357142857142857
0.0285714285714286
0.0642857142857143
0.114285714285714
0.1
0.0642857142857143
0.0785714285714286
0.0785714285714286
0.0642857142857143
0.0857142857142857
0.107142857142857
0.0785714285714286
0.0928571428571429
0.107142857142857
0.121428571428571
0.207142857142857
0.285714285714286
0.321428571428571
0.342857142857143
0.428571428571429
0.528571428571429
0.564285714285714
0.571428571428571
0.65
0.678571428571429
0.707142857142857
0.714285714285714
0.728571428571429
0.721428571428571
0.742857142857143
0.742857142857143
0.771428571428571
0.835714285714286
0.892857142857143
0.921428571428571
0.95
0.971428571428571
0.985714285714286
0.992857142857143
