0.09
0.0785714285714286
0.0928571428571429
0.114285714285714
0.157142857142857
0.178571428571429
0.221428571428571
0.2
0.171428571428571
0.142857142857143
0.171428571428571
0.207142857142857
0.242857142857143
0.25
0.3
0.342857142857143
0.392857142857143
0.4
0.478571428571429
0.414285714285714
0.478571428571429
0.542857142857143
0.507142857142857
0.528571428571429
0.521428571428571
0.607142857142857
0.628571428571429
0.742857142857143
0.707142857142857
0.714285714285714
0.728571428571429
0.721428571428571
0.735714285714286
0.778571428571429
0.828571428571429
0.864285714285714
0.892857142857143
0.9
0.864285714285714
0.857142857142857
