0.01
0.00714285714285714
0.0214285714285714
0.00714285714285714
0.0142857142857143
0.00714285714285714
0.0357142857142857
0.0357142857142857
0.0214285714285714
0.0142857142857143
0.0214285714285714
0.0428571428571429
0.0714285714285714
0.1
0.135714285714286
0.185714285714286
0.178571428571429
0.214285714285714
0.285714285714286
0.364285714285714
0.364285714285714
0.45
0.407142857142857
0.414285714285714
0.435714285714286
0.471428571428571
0.521428571428571
0.6
0.642857142857143
0.664285714285714
0.685714285714286
0.671428571428571
0.657142857142857
0.685714285714286
0.692857142857143
0.771428571428571
0.814285714285714
0.864285714285714
0.85
0.921428571428571
