0.1
0.135714285714286
0.157142857142857
0.142857142857143
0.164285714285714
0.142857142857143
0.15
0.157142857142857
0.15
0.171428571428571
0.214285714285714
0.221428571428571
0.25
0.25
0.314285714285714
0.321428571428571
0.285714285714286
0.321428571428571
0.4
0.378571428571429
0.35
0.421428571428571
0.414285714285714
0.421428571428571
0.45
0.5
0.492857142857143
0.542857142857143
0.542857142857143
0.492857142857143
0.55
0.635714285714286
0.721428571428571
0.75
0.792857142857143
0.764285714285714
0.8
0.85
0.9
0.928571428571429
