0.05
0.0928571428571429
0.1
0.107142857142857
0.128571428571429
0.142857142857143
0.242857142857143
0.292857142857143
0.285714285714286
0.3
0.335714285714286
0.357142857142857
0.4
0.45
0.514285714285714
0.521428571428571
0.428571428571429
0.364285714285714
0.442857142857143
0.492857142857143
0.578571428571429
0.592857142857143
0.628571428571429
0.55
0.564285714285714
0.585714285714286
0.607142857142857
0.635714285714286
0.685714285714286
0.678571428571429
0.735714285714286
0.764285714285714
0.735714285714286
0.807142857142857
0.814285714285714
0.807142857142857
0.807142857142857
0.792857142857143
0.8
0.9
