0.09
0.0785714285714286
0.0857142857142857
0.0714285714285714
0.0785714285714286
0.0857142857142857
0.0857142857142857
0.142857142857143
0.107142857142857
0.114285714285714
0.157142857142857
0.142857142857143
0.178571428571429
0.242857142857143
0.278571428571429
0.3
0.321428571428571
0.342857142857143
0.421428571428571
0.457142857142857
0.5
0.514285714285714
0.528571428571429
0.528571428571429
0.557142857142857
0.642857142857143
0.657142857142857
0.692857142857143
0.764285714285714
0.757142857142857
0.814285714285714
0.785714285714286
0.785714285714286
0.792857142857143
0.85
0.857142857142857
0.842857142857143
0.9
0.9
0.935714285714286
