0.07
0.135714285714286
0.157142857142857
0.207142857142857
0.278571428571429
0.307142857142857
0.257142857142857
0.271428571428571
0.307142857142857
0.321428571428571
0.3
0.307142857142857
0.392857142857143
0.435714285714286
0.535714285714286
0.535714285714286
0.65
0.671428571428571
0.728571428571429
0.721428571428571
0.728571428571429
0.728571428571429
0.785714285714286
0.764285714285714
0.771428571428571
0.8
0.871428571428571
0.885714285714286
0.9
0.935714285714286
0.864285714285714
0.871428571428571
0.85
0.835714285714286
0.871428571428571
0.928571428571429
0.928571428571429
0.935714285714286
0.95
0.942857142857143
