0.1
0.0928571428571429
0.114285714285714
0.107142857142857
0.121428571428571
0.128571428571429
0.164285714285714
0.2
0.257142857142857
0.328571428571429
0.335714285714286
0.385714285714286
0.428571428571429
0.492857142857143
0.514285714285714
0.478571428571429
0.528571428571429
0.564285714285714
0.635714285714286
0.742857142857143
0.778571428571429
0.857142857142857
0.835714285714286
0.842857142857143
0.9
0.9
0.921428571428571
0.9
0.921428571428571
0.964285714285714
0.978571428571429
0.985714285714286
1
1
1
1
1
1
1
1
