0.06
0.0428571428571429
0.0714285714285714
0.0571428571428571
0.0857142857142857
0.135714285714286
0.192857142857143
0.171428571428571
0.235714285714286
0.207142857142857
0.221428571428571
0.278571428571429
0.264285714285714
0.264285714285714
0.285714285714286
0.371428571428571
0.435714285714286
0.528571428571429
0.55
0.528571428571429
0.55
0.671428571428571
0.721428571428571
0.792857142857143
0.857142857142857
0.871428571428571
0.928571428571429
0.971428571428571
0.992857142857143
1
1
1
1
1
1
1
1
1
1
1
