0.07
0.0785714285714286
0.107142857142857
0.128571428571429
0.15
0.142857142857143
0.164285714285714
0.2
0.25
0.271428571428571
0.264285714285714
0.292857142857143
0.335714285714286
0.328571428571429
0.342857142857143
0.278571428571429
0.35
0.378571428571429
0.485714285714286
0.528571428571429
0.557142857142857
0.564285714285714
0.621428571428571
0.657142857142857
0.635714285714286
0.742857142857143
0.771428571428571
0.771428571428571
0.785714285714286
0.85
0.9
0.892857142857143
0.9
0.9
0.885714285714286
0.857142857142857
0.885714285714286
0.835714285714286
0.85
0.85
