0.1
0.0785714285714286
0.0928571428571429
0.0785714285714286
0.0785714285714286
0.135714285714286
0.15
0.171428571428571
0.171428571428571
0.235714285714286
0.307142857142857
0.321428571428571
0.378571428571429
0.378571428571429
0.464285714285714
0.464285714285714
0.478571428571429
0.507142857142857
0.5
0.557142857142857
0.6
0.578571428571429
0.571428571428571
0.614285714285714
0.592857142857143
0.657142857142857
0.607142857142857
0.721428571428571
0.792857142857143
0.821428571428571
0.835714285714286
0.835714285714286
0.921428571428571
0.9
0.921428571428571
0.928571428571429
0.95
0.957142857142857
0.95
0.964285714285714
