0.08
0.0857142857142857
0.135714285714286
0.235714285714286
0.257142857142857
0.328571428571429
0.428571428571429
0.492857142857143
0.564285714285714
0.642857142857143
0.671428571428571
0.785714285714286
0.864285714285714
0.892857142857143
0.942857142857143
0.971428571428571
0.957142857142857
0.942857142857143
0.914285714285714
0.907142857142857
0.914285714285714
0.921428571428571
0.871428571428571
0.921428571428571
0.95
0.95
0.978571428571429
0.971428571428571
0.964285714285714
0.978571428571429
0.985714285714286
0.985714285714286
0.985714285714286
0.992857142857143
1
1
1
1
1
1
