0.02
0.0285714285714286
0.0285714285714286
0.05
0.0642857142857143
0.1
0.1
0.142857142857143
0.128571428571429
0.128571428571429
0.178571428571429
0.257142857142857
0.3
0.342857142857143
0.385714285714286
0.385714285714286
0.471428571428571
0.535714285714286
0.6
0.671428571428571
0.728571428571429
0.721428571428571
0.75
0.792857142857143
0.871428571428571
0.914285714285714
0.928571428571429
0.907142857142857
0.928571428571429
0.957142857142857
0.971428571428571
0.957142857142857
0.964285714285714
0.964285714285714
0.985714285714286
0.992857142857143
0.992857142857143
1
1
1
