0.09
0.114285714285714
0.121428571428571
0.0928571428571429
0.1
0.178571428571429
0.221428571428571
0.164285714285714
0.178571428571429
0.214285714285714
0.242857142857143
0.285714285714286
0.371428571428571
0.371428571428571
0.385714285714286
0.464285714285714
0.471428571428571
0.457142857142857
0.492857142857143
0.485714285714286
0.5
0.5
0.542857142857143
0.585714285714286
0.607142857142857
0.628571428571429
0.614285714285714
0.657142857142857
0.721428571428571
0.757142857142857
0.821428571428571
0.835714285714286
0.864285714285714
0.892857142857143
0.892857142857143
0.892857142857143
0.857142857142857
0.85
0.878571428571429
0.907142857142857
