0.07
0.0857142857142857
0.1
0.164285714285714
0.178571428571429
0.25
0.235714285714286
0.292857142857143
0.278571428571429
0.292857142857143
0.335714285714286
0.457142857142857
0.528571428571429
0.564285714285714
0.571428571428571
0.571428571428571
0.6
0.657142857142857
0.65
0.735714285714286
0.764285714285714
0.742857142857143
0.821428571428571
0.857142857142857
0.892857142857143
0.921428571428571
0.95
0.957142857142857
0.964285714285714
0.964285714285714
0.964285714285714
0.957142857142857
0.95
0.935714285714286
0.914285714285714
0.907142857142857
0.921428571428571
0.95
0.935714285714286
0.942857142857143
