0.09
0.114285714285714
0.142857142857143
0.214285714285714
0.278571428571429
0.264285714285714
0.278571428571429
0.292857142857143
0.371428571428571
0.485714285714286
0.528571428571429
0.485714285714286
0.471428571428571
0.492857142857143
0.528571428571429
0.5
0.471428571428571
0.435714285714286
0.478571428571429
0.5
0.457142857142857
0.514285714285714
0.521428571428571
0.492857142857143
0.464285714285714
0.4
0.507142857142857
0.514285714285714
0.578571428571429
0.571428571428571
0.685714285714286
0.764285714285714
0.792857142857143
0.785714285714286
0.814285714285714
0.842857142857143
0.85
0.864285714285714
0.864285714285714
0.9
