0.05
0.0785714285714286
0.107142857142857
0.128571428571429
0.157142857142857
0.164285714285714
0.25
0.285714285714286
0.314285714285714
0.378571428571429
0.342857142857143
0.421428571428571
0.357142857142857
0.414285714285714
0.542857142857143
0.471428571428571
0.414285714285714
0.507142857142857
0.621428571428571
0.671428571428571
0.642857142857143
0.657142857142857
0.692857142857143
0.678571428571429
0.757142857142857
0.828571428571429
0.842857142857143
0.757142857142857
0.778571428571429
0.835714285714286
0.814285714285714
0.792857142857143
0.785714285714286
0.778571428571429
0.821428571428571
0.85
0.885714285714286
0.857142857142857
0.857142857142857
0.9
