0.05
0.0642857142857143
0.0357142857142857
0.0714285714285714
0.0642857142857143
0.0642857142857143
0.0785714285714286
0.121428571428571
0.164285714285714
0.178571428571429
0.2
0.257142857142857
0.364285714285714
0.4
0.414285714285714
0.421428571428571
0.457142857142857
0.478571428571429
0.507142857142857
0.528571428571429
0.535714285714286
0.6
0.628571428571429
0.585714285714286
0.65
0.65
0.657142857142857
0.657142857142857
0.642857142857143
0.628571428571429
0.771428571428571
0.757142857142857
0.742857142857143
0.721428571428571
0.778571428571429
0.757142857142857
0.842857142857143
0.8
0.85
0.928571428571429
