0.06
0.0785714285714286
0.135714285714286
0.128571428571429
0.192857142857143
0.207142857142857
0.228571428571429
0.228571428571429
0.242857142857143
0.3
0.314285714285714
0.35
0.371428571428571
0.4
0.507142857142857
0.557142857142857
0.571428571428571
0.592857142857143
0.685714285714286
0.692857142857143
0.714285714285714
0.642857142857143
0.664285714285714
0.664285714285714
0.685714285714286
0.757142857142857
0.678571428571429
0.742857142857143
0.8
0.821428571428571
0.857142857142857
0.821428571428571
0.85
0.842857142857143
0.828571428571429
0.792857142857143
0.871428571428571
0.907142857142857
0.9
0.914285714285714
