0.04
0.05
0.0714285714285714
0.114285714285714
0.164285714285714
0.207142857142857
0.285714285714286
0.335714285714286
0.442857142857143
0.564285714285714
0.65
0.7
0.628571428571429
0.642857142857143
0.728571428571429
0.771428571428571
0.792857142857143
0.778571428571429
0.814285714285714
0.842857142857143
0.892857142857143
0.878571428571429
0.907142857142857
0.928571428571429
0.921428571428571
0.935714285714286
0.935714285714286
0.942857142857143
0.985714285714286
0.992857142857143
1
1
1
1
1
1
1
1
1
1
