0.04
0.05
0.0571428571428571
0.121428571428571
0.142857142857143
0.2
0.271428571428571
0.328571428571429
0.342857142857143
0.378571428571429
0.407142857142857
0.364285714285714
0.364285714285714
0.392857142857143
0.435714285714286
0.5
0.557142857142857
0.592857142857143
0.578571428571429
0.678571428571429
0.685714285714286
0.707142857142857
0.742857142857143
0.728571428571429
0.692857142857143
0.714285714285714
0.778571428571429
0.757142857142857
0.8
0.842857142857143
0.842857142857143
0.828571428571429
0.778571428571429
0.792857142857143
0.85
0.871428571428571
0.9
0.9
0.892857142857143
0.892857142857143
