0.03
0.0214285714285714
0.0285714285714286
0.0357142857142857
0.0714285714285714
0.0928571428571429
0.0857142857142857
0.114285714285714
0.164285714285714
0.164285714285714
0.242857142857143
0.207142857142857
0.185714285714286
0.228571428571429
0.257142857142857
0.335714285714286
0.35
0.421428571428571
0.542857142857143
0.642857142857143
0.657142857142857
0.757142857142857
0.764285714285714
0.814285714285714
0.8
0.821428571428571
0.778571428571429
0.764285714285714
0.728571428571429
0.785714285714286
0.771428571428571
0.821428571428571
0.85
0.864285714285714
0.921428571428571
0.921428571428571
0.921428571428571
0.9
0.921428571428571
0.935714285714286
