0.09
0.15
0.142857142857143
0.128571428571429
0.178571428571429
0.242857142857143
0.314285714285714
0.335714285714286
0.271428571428571
0.342857142857143
0.385714285714286
0.414285714285714
0.392857142857143
0.421428571428571
0.421428571428571
0.407142857142857
0.435714285714286
0.592857142857143
0.628571428571429
0.7
0.721428571428571
0.728571428571429
0.692857142857143
0.757142857142857
0.742857142857143
0.685714285714286
0.7
0.75
0.735714285714286
0.757142857142857
0.75
0.735714285714286
0.757142857142857
0.735714285714286
0.771428571428571
0.814285714285714
0.857142857142857
0.835714285714286
0.885714285714286
0.942857142857143
