0.02
0.0285714285714286
0.0357142857142857
0.0714285714285714
0.114285714285714
0.171428571428571
0.228571428571429
0.221428571428571
0.228571428571429
0.25
0.328571428571429
0.328571428571429
0.457142857142857
0.528571428571429
0.585714285714286
0.714285714285714
0.721428571428571
0.821428571428571
0.814285714285714
0.914285714285714
0.921428571428571
0.971428571428571
0.971428571428571
0.985714285714286
0.978571428571429
0.985714285714286
0.978571428571429
0.992857142857143
1
1
1
1
1
1
1
1
1
1
1
1
