0.1
0.0857142857142857
0.0285714285714286
0.0285714285714286
0.0285714285714286
0.05
0.0785714285714286
0.0857142857142857
0.0714285714285714
0.114285714285714
0.121428571428571
0.128571428571429
0.157142857142857
0.214285714285714
0.242857142857143
0.3
0.392857142857143
0.371428571428571
0.464285714285714
0.557142857142857
0.571428571428571
0.635714285714286
0.657142857142857
0.707142857142857
0.742857142857143
0.792857142857143
0.771428571428571
0.807142857142857
0.842857142857143
0.857142857142857
0.9
0.928571428571429
0.971428571428571
1
1
1
1
1
1
1
