0.01
0.0142857142857143
0.0214285714285714
0.0285714285714286
0.0214285714285714
0.0285714285714286
0.0214285714285714
0.0214285714285714
0.00714285714285714
0.0285714285714286
0.0285714285714286
0.0142857142857143
0.0214285714285714
0.0285714285714286
0.05
0.0642857142857143
0.0857142857142857
0.107142857142857
0.121428571428571
0.142857142857143
0.221428571428571
0.292857142857143
0.4
0.4
0.5
0.5
0.535714285714286
0.578571428571429
0.7
0.721428571428571
0.792857142857143
0.885714285714286
0.892857142857143
0.9
0.935714285714286
0.964285714285714
0.978571428571429
0.971428571428571
0.964285714285714
0.985714285714286
