0.1
0.107142857142857
0.0785714285714286
0.1
0.128571428571429
0.164285714285714
0.178571428571429
0.157142857142857
0.228571428571429
0.278571428571429
0.285714285714286
0.35
0.421428571428571
0.442857142857143
0.564285714285714
0.635714285714286
0.657142857142857
0.692857142857143
0.735714285714286
0.735714285714286
0.757142857142857
0.7
0.735714285714286
0.778571428571429
0.785714285714286
0.821428571428571
0.828571428571429
0.892857142857143
0.9
0.928571428571429
0.942857142857143
0.964285714285714
0.985714285714286
0.985714285714286
0.971428571428571
0.978571428571429
0.992857142857143
1
1
1
