0.07
0.0785714285714286
0.0714285714285714
0.107142857142857
0.0928571428571429
0.107142857142857
0.114285714285714
0.128571428571429
0.121428571428571
0.157142857142857
0.135714285714286
0.121428571428571
0.164285714285714
0.178571428571429
0.185714285714286
0.2
0.214285714285714
0.242857142857143
0.242857142857143
0.264285714285714
0.3
0.35
0.478571428571429
0.528571428571429
0.528571428571429
0.592857142857143
0.55
0.557142857142857
0.528571428571429
0.557142857142857
0.621428571428571
0.642857142857143
0.707142857142857
0.792857142857143
0.828571428571429
0.878571428571429
0.885714285714286
0.928571428571429
0.907142857142857
0.907142857142857
