0.1
0.121428571428571
0.164285714285714
0.157142857142857
0.228571428571429
0.257142857142857
0.292857142857143
0.307142857142857
0.371428571428571
0.407142857142857
0.392857142857143
0.392857142857143
0.407142857142857
0.464285714285714
0.514285714285714
0.514285714285714
0.592857142857143
0.65
0.721428571428571
0.707142857142857
0.742857142857143
0.7
0.735714285714286
0.821428571428571
0.885714285714286
0.85
0.878571428571429
0.885714285714286
0.885714285714286
0.914285714285714
0.928571428571429
0.914285714285714
0.892857142857143
0.892857142857143
0.842857142857143
0.864285714285714
0.857142857142857
0.8
0.728571428571429
0.714285714285714
