0.06
0.0571428571428571
0.0714285714285714
0.0357142857142857
0.0571428571428571
0.0714285714285714
0.0714285714285714
0.107142857142857
0.157142857142857
0.185714285714286
0.178571428571429
0.164285714285714
0.242857142857143
0.25
0.292857142857143
0.385714285714286
0.428571428571429
0.464285714285714
0.492857142857143
0.528571428571429
0.528571428571429
0.55
0.578571428571429
0.621428571428571
0.657142857142857
0.721428571428571
0.742857142857143
0.807142857142857
0.807142857142857
0.835714285714286
0.85
0.907142857142857
0.95
0.928571428571429
0.95
0.985714285714286
0.985714285714286
1
1
1
