0.05
0.05
0.0785714285714286
0.114285714285714
0.121428571428571
0.157142857142857
0.2
0.228571428571429
0.314285714285714
0.364285714285714
0.371428571428571
0.35
0.357142857142857
0.378571428571429
0.485714285714286
0.528571428571429
0.685714285714286
0.707142857142857
0.771428571428571
0.857142857142857
0.771428571428571
0.792857142857143
0.842857142857143
0.842857142857143
0.871428571428571
0.871428571428571
0.9
0.914285714285714
0.935714285714286
0.914285714285714
0.935714285714286
0.942857142857143
0.942857142857143
0.935714285714286
0.935714285714286
0.942857142857143
0.985714285714286
0.985714285714286
0.992857142857143
1
