0.04
0.0357142857142857
0.0214285714285714
0.0214285714285714
0.0357142857142857
0.0285714285714286
0.0214285714285714
0.0428571428571429
0.05
0.0571428571428571
0.0714285714285714
0.0428571428571429
0.0571428571428571
0.05
0.0642857142857143
0.121428571428571
0.142857142857143
0.157142857142857
0.228571428571429
0.192857142857143
0.207142857142857
0.257142857142857
0.307142857142857
0.357142857142857
0.485714285714286
0.528571428571429
0.592857142857143
0.635714285714286
0.678571428571429
0.735714285714286
0.75
0.835714285714286
0.864285714285714
0.892857142857143
0.907142857142857
0.914285714285714
0.942857142857143
0.928571428571429
0.921428571428571
0.914285714285714
