0.08
0.114285714285714
0.121428571428571
0.142857142857143
0.128571428571429
0.121428571428571
0.142857142857143
0.164285714285714
0.164285714285714
0.242857142857143
0.264285714285714
0.4
0.364285714285714
0.392857142857143
0.457142857142857
0.442857142857143
0.492857142857143
0.492857142857143
0.514285714285714
0.521428571428571
0.578571428571429
0.571428571428571
0.621428571428571
0.614285714285714
0.614285714285714
0.635714285714286
0.678571428571429
0.742857142857143
0.742857142857143
0.785714285714286
0.814285714285714
0.814285714285714
0.828571428571429
0.792857142857143
0.75
0.835714285714286
0.878571428571429
0.907142857142857
0.942857142857143
0.95
