0
0.2
0.328915662650602
0.514457831325301
0.679518072289157
0.787951807228916
0.879518072289157
0.926506024096385
0.960240963855422
0.974698795180723
0.989156626506024
0.987951807228916
0.995180722891566
0.996385542168675
0.998795180722892
0.998795180722892
0.998795180722892
0.998795180722892
0.997590361445783
0.998795180722892
0.998795180722892
0.997590361445783
0.998795180722892
0.998795180722892
1
1
1
1
1
1
1
1
1
1
1
1
1
1
1
1
1
1
1
1
1
1
1
1
1
1
1
1
1
1
1
1
1
1
1
1
1
1
1
1
1
1
1
1
1
1
1
1
1
1
1
1
1
1
1
1
1
1
1
1
1
1
1
1
1
1
1
1
1
