0
0.2
0.259036144578313
0.332530120481928
0.443373493975904
0.526506024096386
0.604819277108434
0.7
0.751807228915663
0.810843373493976
0.862650602409639
0.883132530120482
0.903614457831325
0.925301204819277
0.937349397590361
0.946987951807229
0.966265060240964
0.967469879518072
0.978313253012048
0.985542168674699
0.990361445783133
0.993975903614458
0.998795180722892
0.998795180722892
1
1
1
1
1
1
1
1
1
1
1
1
1
1
1
1
1
1
1
1
1
1
1
1
1
1
1
1
1
1
1
1
1
1
1
1
1
1
1
1
1
1
1
1
1
1
1
1
1
1
1
1
1
1
1
1
1
1
1
1
1
1
1
1
1
1
1
1
1
