0
0.1
0.14578313253012
0.160240963855422
0.226506024096386
0.289156626506024
0.407228915662651
0.507228915662651
0.583132530120482
0.704819277108434
0.789156626506024
0.819277108433735
0.859036144578313
0.896385542168675
0.925301204819277
0.927710843373494
0.949397590361446
0.957831325301205
0.965060240963855
0.971084337349398
0.967469879518072
0.978313253012048
0.974698795180723
0.983132530120482
0.981927710843373
0.990361445783133
0.996385542168675
0.996385542168675
0.997590361445783
0.997590361445783
0.998795180722892
0.998795180722892
0.998795180722892
1
1
1
1
1
1
1
1
1
1
1
1
1
1
1
1
1
1
1
1
1
1
1
1
1
1
1
1
1
1
1
1
1
1
1
1
1
1
1
1
1
1
1
1
1
1
1
1
1
1
1
1
1
1
1
1
1
1
1
1
