0
0.1
0.120481927710843
0.14578313253012
0.187951807228916
0.219277108433735
0.226506024096386
0.267469879518072
0.297590361445783
0.346987951807229
0.403614457831325
0.468674698795181
0.530120481927711
0.569879518072289
0.616867469879518
0.673493975903614
0.721686746987952
0.755421686746988
0.790361445783132
0.816867469879518
0.844578313253012
0.833734939759036
0.85421686746988
0.863855421686747
0.867469879518072
0.88433734939759
0.914457831325301
0.927710843373494
0.936144578313253
0.939759036144578
0.951807228915663
0.96144578313253
0.963855421686747
0.973493975903614
0.971084337349398
0.979518072289157
0.98433734939759
0.986746987951807
0.983132530120482
0.989156626506024
0.995180722891566
0.995180722891566
0.995180722891566
0.996385542168675
0.995180722891566
0.995180722891566
0.996385542168675
0.997590361445783
0.998795180722892
1
1
1
1
1
1
1
1
1
1
1
1
1
1
1
1
1
1
1
1
1
1
1
1
1
1
1
1
1
1
1
1
1
1
1
1
1
1
1
1
1
1
1
1
