0
0.5
0.508433734939759
0.497590361445783
0.483132530120482
0.478313253012048
0.481927710843373
0.497590361445783
0.539759036144578
0.548192771084337
0.551807228915663
0.544578313253012
0.550602409638554
0.571084337349398
0.585542168674699
0.581927710843373
0.610843373493976
0.63855421686747
0.624096385542169
0.633734939759036
0.626506024096386
0.628915662650602
0.639759036144578
0.669879518072289
0.685542168674699
0.737349397590361
0.767469879518072
0.781927710843374
0.814457831325301
0.814457831325301
0.842168674698795
0.83855421686747
0.84578313253012
0.846987951807229
0.831325301204819
0.844578313253012
0.849397590361446
0.863855421686747
0.848192771084337
0.83855421686747
0.865060240963855
0.857831325301205
0.86144578313253
0.866265060240964
0.855421686746988
0.883132530120482
0.886746987951807
0.883132530120482
0.875903614457831
0.9
0.896385542168675
0.886746987951807
0.902409638554217
0.902409638554217
0.92289156626506
0.942168674698795
0.934939759036145
0.940963855421687
0.939759036144578
0.942168674698795
0.940963855421687
0.943373493975904
0.955421686746988
0.957831325301205
0.966265060240964
0.968674698795181
0.95421686746988
0.951807228915663
0.957831325301205
0.966265060240964
0.966265060240964
0.968674698795181
0.967469879518072
0.965060240963855
0.968674698795181
0.974698795180723
0.979518072289157
0.979518072289157
0.979518072289157
0.979518072289157
0.981927710843373
0.985542168674699
0.981927710843373
0.990361445783133
0.990361445783133
0.990361445783133
0.990361445783133
0.983132530120482
0.981927710843373
0.981927710843373
0.987951807228916
0.986746987951807
0.989156626506024
