0
0.4
0.43855421686747
0.526506024096386
0.603614457831325
0.697590361445783
0.762650602409639
0.836144578313253
0.872289156626506
0.912048192771084
0.931325301204819
0.936144578313253
0.951807228915663
0.973493975903614
0.980722891566265
0.981927710843373
0.989156626506024
0.990361445783133
0.992771084337349
0.997590361445783
0.998795180722892
0.997590361445783
0.997590361445783
0.998795180722892
0.998795180722892
0.997590361445783
0.997590361445783
0.996385542168675
0.996385542168675
0.998795180722892
1
1
1
1
1
1
1
1
1
1
1
1
1
1
1
1
1
1
1
1
1
1
1
1
1
1
1
1
1
1
1
1
1
1
1
1
1
1
1
1
1
1
1
1
1
1
1
1
1
1
1
1
1
1
1
1
1
1
1
1
1
1
1
