0
0.3
0.330120481927711
0.372289156626506
0.474698795180723
0.549397590361446
0.604819277108434
0.712048192771084
0.763855421686747
0.821686746987952
0.855421686746988
0.890361445783132
0.919277108433735
0.930120481927711
0.969879518072289
0.98433734939759
0.986746987951807
0.991566265060241
0.990361445783133
0.991566265060241
0.995180722891566
0.997590361445783
0.995180722891566
0.996385542168675
0.996385542168675
0.997590361445783
0.998795180722892
1
1
1
1
1
1
1
1
1
1
1
1
1
1
1
1
1
1
1
1
1
1
1
1
1
1
1
1
1
1
1
1
1
1
1
1
1
1
1
1
1
1
1
1
1
1
1
1
1
1
1
1
1
1
1
1
1
1
1
1
1
1
1
1
1
1
