0
0.4
0.412048192771084
0.425301204819277
0.430120481927711
0.443373493975904
0.440963855421687
0.486746987951807
0.51566265060241
0.531325301204819
0.539759036144578
0.540963855421687
0.531325301204819
0.569879518072289
0.601204819277108
0.609638554216868
0.642168674698795
0.659036144578313
0.695180722891566
0.709638554216868
0.727710843373494
0.730120481927711
0.748192771084337
0.759036144578313
0.767469879518072
0.785542168674699
0.806024096385542
0.81566265060241
0.825301204819277
0.842168674698795
0.863855421686747
0.836144578313253
0.863855421686747
0.865060240963855
0.88433734939759
0.88433734939759
0.881927710843374
0.896385542168675
0.891566265060241
0.907228915662651
0.903614457831325
0.912048192771084
0.895180722891566
0.896385542168675
0.906024096385542
0.909638554216867
0.930120481927711
0.919277108433735
0.914457831325301
0.914457831325301
0.918072289156627
0.931325301204819
0.93855421686747
0.948192771084337
0.967469879518072
0.975903614457831
0.985542168674699
0.981927710843373
0.98433734939759
0.985542168674699
0.986746987951807
0.986746987951807
0.990361445783133
0.991566265060241
0.995180722891566
0.996385542168675
0.996385542168675
0.998795180722892
1
1
1
1
1
1
1
1
1
1
1
1
1
1
1
1
1
1
1
1
1
1
1
1
1
