0
0.2
0.279518072289157
0.395180722891566
0.521686746987952
0.656626506024096
0.754216867469879
0.826506024096386
0.903614457831325
0.933734939759036
0.960240963855422
0.974698795180723
0.981927710843373
0.981927710843373
0.979518072289157
0.98433734939759
0.991566265060241
0.998795180722892
0.997590361445783
0.997590361445783
0.993975903614458
0.997590361445783
1
1
1
1
1
1
1
1
1
1
1
1
1
1
1
1
1
1
1
1
1
1
1
1
1
1
1
1
1
1
1
1
1
1
1
1
1
1
1
1
1
1
1
1
1
1
1
1
1
1
1
1
1
1
1
1
1
1
1
1
1
1
1
1
1
1
1
1
1
1
1
