0
0.3
0.310843373493976
0.351807228915663
0.402409638554217
0.456626506024096
0.481927710843373
0.543373493975904
0.551807228915663
0.596385542168675
0.639759036144578
0.671084337349398
0.710843373493976
0.756626506024096
0.791566265060241
0.814457831325301
0.809638554216867
0.836144578313253
0.850602409638554
0.880722891566265
0.901204819277108
0.895180722891566
0.908433734939759
0.910843373493976
0.927710843373494
0.934939759036145
0.937349397590361
0.946987951807229
0.94578313253012
0.95421686746988
0.946987951807229
0.950602409638554
0.956626506024096
0.960240963855422
0.967469879518072
0.966265060240964
0.971084337349398
0.963855421686747
0.968674698795181
0.975903614457831
0.978313253012048
0.981927710843373
0.987951807228916
0.991566265060241
0.991566265060241
0.995180722891566
0.997590361445783
0.996385542168675
0.996385542168675
0.997590361445783
1
1
1
1
1
1
1
1
1
1
1
1
1
1
1
1
1
1
1
1
1
1
1
1
1
1
1
1
1
1
1
1
1
1
1
1
1
1
1
1
1
1
1
