0
0.2
0.190361445783133
0.212048192771084
0.265060240963855
0.303614457831325
0.334939759036145
0.367469879518072
0.437349397590361
0.518072289156627
0.569879518072289
0.595180722891566
0.648192771084337
0.716867469879518
0.750602409638554
0.781927710843374
0.821686746987952
0.83855421686747
0.856626506024096
0.87710843373494
0.892771084337349
0.921686746987952
0.934939759036145
0.93855421686747
0.951807228915663
0.969879518072289
0.979518072289157
0.986746987951807
0.986746987951807
0.992771084337349
0.996385542168675
0.997590361445783
0.998795180722892
0.998795180722892
0.997590361445783
0.997590361445783
0.997590361445783
0.993975903614458
0.998795180722892
0.998795180722892
0.997590361445783
0.997590361445783
0.997590361445783
0.996385542168675
1
1
1
1
1
1
1
1
1
1
1
1
1
1
1
1
1
1
1
1
1
1
1
1
1
1
1
1
1
1
1
1
1
1
1
1
1
1
1
1
1
1
1
1
1
1
1
1
1
