0
0.2
0.237349397590361
0.3
0.33855421686747
0.392771084337349
0.454216867469879
0.513253012048193
0.560240963855422
0.614457831325301
0.653012048192771
0.72289156626506
0.768674698795181
0.807228915662651
0.830120481927711
0.848192771084337
0.867469879518072
0.898795180722892
0.920481927710843
0.940963855421687
0.942168674698795
0.962650602409639
0.96144578313253
0.963855421686747
0.979518072289157
0.979518072289157
0.987951807228916
0.992771084337349
0.989156626506024
0.989156626506024
0.993975903614458
0.997590361445783
0.998795180722892
0.998795180722892
0.998795180722892
0.996385542168675
0.997590361445783
0.998795180722892
0.998795180722892
1
1
1
1
1
1
1
1
1
1
1
1
1
1
1
1
1
1
1
1
1
1
1
1
1
1
1
1
1
1
1
1
1
1
1
1
1
1
1
1
1
1
1
1
1
1
1
1
1
1
1
1
1
1
