0
0.4
0.419277108433735
0.440963855421687
0.475903614457831
0.540963855421687
0.555421686746988
0.596385542168675
0.593975903614458
0.648192771084337
0.713253012048193
0.726506024096386
0.730120481927711
0.765060240963855
0.78433734939759
0.795180722891566
0.801204819277108
0.826506024096386
0.85421686746988
0.887951807228916
0.891566265060241
0.901204819277108
0.927710843373494
0.930120481927711
0.94578313253012
0.93855421686747
0.95421686746988
0.957831325301205
0.96144578313253
0.966265060240964
0.956626506024096
0.963855421686747
0.97710843373494
0.979518072289157
0.974698795180723
0.974698795180723
0.975903614457831
0.975903614457831
0.968674698795181
0.974698795180723
0.974698795180723
0.985542168674699
0.989156626506024
0.986746987951807
0.991566265060241
0.992771084337349
0.995180722891566
0.997590361445783
1
1
1
1
1
1
1
1
1
1
1
1
1
1
1
1
1
1
1
1
1
1
1
1
1
1
1
1
1
1
1
1
1
1
1
1
1
1
1
1
1
1
1
1
1
