0
0.4
0.409638554216867
0.410843373493976
0.44578313253012
0.483132530120482
0.496385542168675
0.516867469879518
0.55421686746988
0.607228915662651
0.621686746987952
0.650602409638554
0.639759036144578
0.631325301204819
0.65421686746988
0.667469879518072
0.678313253012048
0.697590361445783
0.702409638554217
0.750602409638554
0.781927710843374
0.781927710843374
0.781927710843374
0.833734939759036
0.843373493975904
0.860240963855422
0.862650602409639
0.871084337349398
0.875903614457831
0.881927710843374
0.887951807228916
0.898795180722892
0.891566265060241
0.892771084337349
0.898795180722892
0.88433734939759
0.908433734939759
0.904819277108434
0.919277108433735
0.934939759036145
0.951807228915663
0.971084337349398
0.968674698795181
0.972289156626506
0.965060240963855
0.973493975903614
0.966265060240964
0.973493975903614
0.97710843373494
0.97710843373494
0.985542168674699
0.983132530120482
0.978313253012048
0.969879518072289
0.975903614457831
0.978313253012048
0.981927710843373
0.989156626506024
0.998795180722892
1
1
1
1
1
1
1
1
1
1
1
1
1
1
1
1
1
1
1
1
1
1
1
1
1
1
1
1
1
1
1
1
1
1
