0
0.1
0.12289156626506
0.144578313253012
0.165060240963855
0.169879518072289
0.192771084337349
0.203614457831325
0.230120481927711
0.242168674698795
0.291566265060241
0.296385542168675
0.330120481927711
0.374698795180723
0.420481927710843
0.465060240963855
0.486746987951807
0.489156626506024
0.509638554216867
0.514457831325301
0.563855421686747
0.596385542168675
0.608433734939759
0.621686746987952
0.66144578313253
0.673493975903614
0.693975903614458
0.72289156626506
0.716867469879518
0.743373493975904
0.757831325301205
0.766265060240964
0.778313253012048
0.787951807228916
0.806024096385542
0.810843373493976
0.821686746987952
0.81566265060241
0.837349397590361
0.85421686746988
0.892771084337349
0.909638554216867
0.924096385542169
0.934939759036145
0.944578313253012
0.960240963855422
0.959036144578313
0.963855421686747
0.965060240963855
0.971084337349398
0.97710843373494
0.986746987951807
0.985542168674699
0.985542168674699
0.991566265060241
0.991566265060241
0.992771084337349
0.997590361445783
0.997590361445783
0.998795180722892
0.998795180722892
0.998795180722892
0.997590361445783
0.996385542168675
0.996385542168675
0.997590361445783
0.998795180722892
1
1
1
1
1
1
1
1
1
1
1
1
1
1
1
1
1
1
1
1
1
1
1
1
1
1
