0
0.1
0.0879518072289157
0.091566265060241
0.091566265060241
0.126506024096386
0.137349397590361
0.148192771084337
0.168674698795181
0.220481927710843
0.225301204819277
0.242168674698795
0.273493975903614
0.287951807228916
0.344578313253012
0.367469879518072
0.373493975903614
0.398795180722892
0.396385542168675
0.398795180722892
0.406024096385542
0.446987951807229
0.46144578313253
0.492771084337349
0.560240963855422
0.583132530120482
0.624096385542169
0.674698795180723
0.675903614457831
0.693975903614458
0.76144578313253
0.769879518072289
0.81566265060241
0.81566265060241
0.820481927710843
0.853012048192771
0.853012048192771
0.887951807228916
0.88433734939759
0.891566265060241
0.897590361445783
0.898795180722892
0.908433734939759
0.927710843373494
0.919277108433735
0.928915662650602
0.939759036144578
0.949397590361446
0.944578313253012
0.949397590361446
0.946987951807229
0.966265060240964
0.965060240963855
0.975903614457831
0.974698795180723
0.978313253012048
0.985542168674699
0.98433734939759
0.987951807228916
0.987951807228916
0.98433734939759
0.991566265060241
0.993975903614458
0.995180722891566
0.996385542168675
0.997590361445783
0.998795180722892
0.998795180722892
1
1
1
1
1
1
1
1
1
1
1
1
1
1
1
1
1
1
1
1
1
1
1
1
1
