0
0.5
0.502409638554217
0.493975903614458
0.478313253012048
0.506024096385542
0.544578313253012
0.573493975903615
0.606024096385542
0.616867469879518
0.630120481927711
0.627710843373494
0.660240963855422
0.666265060240964
0.702409638554217
0.737349397590361
0.745783132530121
0.760240963855422
0.771084337349398
0.816867469879518
0.849397590361446
0.849397590361446
0.839759036144578
0.859036144578313
0.846987951807229
0.871084337349398
0.878313253012048
0.886746987951807
0.9
0.903614457831325
0.909638554216867
0.913253012048193
0.925301204819277
0.924096385542169
0.910843373493976
0.934939759036145
0.940963855421687
0.944578313253012
0.949397590361446
0.940963855421687
0.93855421686747
0.925301204819277
0.950602409638554
0.942168674698795
0.955421686746988
0.955421686746988
0.951807228915663
0.950602409638554
0.943373493975904
0.95421686746988
0.959036144578313
0.956626506024096
0.949397590361446
0.942168674698795
0.932530120481928
0.931325301204819
0.928915662650602
0.944578313253012
0.946987951807229
0.949397590361446
0.944578313253012
0.94578313253012
0.946987951807229
0.953012048192771
0.96144578313253
0.955421686746988
0.957831325301205
0.957831325301205
0.951807228915663
0.959036144578313
0.966265060240964
0.96144578313253
0.96144578313253
0.968674698795181
0.980722891566265
0.975903614457831
0.981927710843373
0.985542168674699
0.983132530120482
0.985542168674699
0.990361445783133
0.993975903614458
0.996385542168675
0.998795180722892
0.997590361445783
1
1
1
1
1
1
1
1
