0
0.4
0.426506024096386
0.460240963855422
0.498795180722892
0.527710843373494
0.559036144578313
0.567469879518072
0.57710843373494
0.606024096385542
0.640963855421687
0.646987951807229
0.681927710843373
0.685542168674699
0.701204819277108
0.724096385542169
0.765060240963855
0.790361445783132
0.798795180722892
0.826506024096386
0.843373493975904
0.88433734939759
0.881927710843374
0.885542168674699
0.904819277108434
0.926506024096385
0.925301204819277
0.943373493975904
0.934939759036145
0.943373493975904
0.949397590361446
0.946987951807229
0.949397590361446
0.94578313253012
0.943373493975904
0.95421686746988
0.953012048192771
0.968674698795181
0.962650602409639
0.971084337349398
0.979518072289157
0.978313253012048
0.985542168674699
0.989156626506024
0.990361445783133
0.993975903614458
0.991566265060241
0.990361445783133
0.987951807228916
0.990361445783133
0.995180722891566
0.997590361445783
0.995180722891566
0.998795180722892
0.998795180722892
0.997590361445783
0.997590361445783
0.995180722891566
0.992771084337349
0.995180722891566
0.996385542168675
0.996385542168675
0.993975903614458
0.995180722891566
0.993975903614458
0.992771084337349
0.993975903614458
0.998795180722892
1
1
1
1
1
1
1
1
1
1
1
1
1
1
1
1
1
1
1
1
1
1
1
1
1
