0
0.3
0.356626506024096
0.43855421686747
0.490361445783133
0.551807228915663
0.597590361445783
0.649397590361446
0.709638554216868
0.762650602409639
0.824096385542169
0.832530120481928
0.860240963855422
0.880722891566265
0.910843373493976
0.946987951807229
0.950602409638554
0.946987951807229
0.959036144578313
0.972289156626506
0.97710843373494
0.974698795180723
0.975903614457831
0.983132530120482
0.981927710843373
0.987951807228916
0.991566265060241
0.990361445783133
0.995180722891566
0.990361445783133
0.990361445783133
0.989156626506024
0.991566265060241
0.993975903614458
0.997590361445783
1
1
1
1
1
1
1
1
1
1
1
1
1
1
1
1
1
1
1
1
1
1
1
1
1
1
1
1
1
1
1
1
1
1
1
1
1
1
1
1
1
1
1
1
1
1
1
1
1
1
1
1
1
1
1
1
1
1
