0
0.5
0.578313253012048
0.634939759036145
0.687951807228916
0.733734939759036
0.774698795180723
0.798795180722892
0.84578313253012
0.871084337349398
0.895180722891566
0.901204819277108
0.91566265060241
0.927710843373494
0.940963855421687
0.951807228915663
0.955421686746988
0.973493975903614
0.97710843373494
0.98433734939759
0.987951807228916
0.987951807228916
0.992771084337349
0.996385542168675
0.996385542168675
0.996385542168675
0.997590361445783
0.998795180722892
1
1
1
1
1
1
1
1
1
1
1
1
1
1
1
1
1
1
1
1
1
1
1
1
1
1
1
1
1
1
1
1
1
1
1
1
1
1
1
1
1
1
1
1
1
1
1
1
1
1
1
1
1
1
1
1
1
1
1
1
1
1
1
1
1
