0
0.1
0.143373493975904
0.233734939759036
0.336144578313253
0.432530120481928
0.51566265060241
0.613253012048193
0.707228915662651
0.785542168674699
0.855421686746988
0.892771084337349
0.925301204819277
0.93855421686747
0.96144578313253
0.97710843373494
0.983132530120482
0.991566265060241
0.996385542168675
0.996385542168675
0.997590361445783
0.996385542168675
0.997590361445783
0.998795180722892
1
1
1
1
1
1
1
1
1
1
1
1
1
1
1
1
1
1
1
1
1
1
1
1
1
1
1
1
1
1
1
1
1
1
1
1
1
1
1
1
1
1
1
1
1
1
1
1
1
1
1
1
1
1
1
1
1
1
1
1
1
1
1
1
1
1
1
1
1
