0
0.2
0.242168674698795
0.3
0.353012048192771
0.420481927710843
0.486746987951807
0.589156626506024
0.644578313253012
0.686746987951807
0.704819277108434
0.745783132530121
0.797590361445783
0.825301204819277
0.843373493975904
0.868674698795181
0.902409638554217
0.920481927710843
0.936144578313253
0.956626506024096
0.95421686746988
0.969879518072289
0.978313253012048
0.987951807228916
0.991566265060241
0.997590361445783
0.998795180722892
0.998795180722892
0.997590361445783
1
1
1
1
1
1
1
1
1
1
1
1
1
1
1
1
1
1
1
1
1
1
1
1
1
1
1
1
1
1
1
1
1
1
1
1
1
1
1
1
1
1
1
1
1
1
1
1
1
1
1
1
1
1
1
1
1
1
1
1
1
1
1
1
