0
0.1
0.106024096385542
0.102409638554217
0.0975903614457831
0.0819277108433735
0.1
0.101204819277108
0.112048192771084
0.104819277108434
0.133734939759036
0.143373493975904
0.144578313253012
0.18433734939759
0.204819277108434
0.249397590361446
0.278313253012048
0.312048192771084
0.339759036144578
0.359036144578313
0.373493975903614
0.430120481927711
0.47710843373494
0.506024096385542
0.530120481927711
0.58433734939759
0.583132530120482
0.603614457831325
0.65421686746988
0.660240963855422
0.689156626506024
0.698795180722892
0.724096385542169
0.759036144578313
0.772289156626506
0.801204819277108
0.819277108433735
0.832530120481928
0.84578313253012
0.853012048192771
0.856626506024096
0.886746987951807
0.910843373493976
0.928915662650602
0.94578313253012
0.937349397590361
0.93855421686747
0.948192771084337
0.949397590361446
0.94578313253012
0.939759036144578
0.960240963855422
0.971084337349398
0.97710843373494
0.987951807228916
0.987951807228916
0.991566265060241
0.998795180722892
1
1
1
1
1
1
1
1
1
1
1
1
1
1
1
1
1
1
1
1
1
1
1
1
1
1
1
1
1
1
1
1
1
1
1
