0
0.2
0.259036144578313
0.346987951807229
0.46144578313253
0.569879518072289
0.666265060240964
0.73855421686747
0.810843373493976
0.862650602409639
0.891566265060241
0.924096385542169
0.937349397590361
0.950602409638554
0.965060240963855
0.968674698795181
0.969879518072289
0.981927710843373
0.981927710843373
0.987951807228916
0.993975903614458
0.993975903614458
0.996385542168675
0.998795180722892
1
1
1
1
1
1
1
1
1
1
1
1
1
1
1
1
1
1
1
1
1
1
1
1
1
1
1
1
1
1
1
1
1
1
1
1
1
1
1
1
1
1
1
1
1
1
1
1
1
1
1
1
1
1
1
1
1
1
1
1
1
1
1
1
1
1
1
1
1
