0
0.2
0.262650602409639
0.306024096385542
0.378313253012048
0.446987951807229
0.516867469879518
0.609638554216868
0.643373493975904
0.678313253012048
0.714457831325301
0.772289156626506
0.812048192771084
0.846987951807229
0.857831325301205
0.885542168674699
0.901204819277108
0.916867469879518
0.933734939759036
0.939759036144578
0.943373493975904
0.937349397590361
0.951807228915663
0.962650602409639
0.969879518072289
0.978313253012048
0.97710843373494
0.973493975903614
0.985542168674699
0.993975903614458
0.996385542168675
0.995180722891566
0.995180722891566
0.997590361445783
0.996385542168675
0.998795180722892
0.998795180722892
0.998795180722892
0.997590361445783
0.996385542168675
0.997590361445783
0.998795180722892
0.998795180722892
0.998795180722892
1
1
1
1
1
1
1
1
1
1
1
1
1
1
1
1
1
1
1
1
1
1
1
1
1
1
1
1
1
1
1
1
1
1
1
1
1
1
1
1
1
1
1
1
1
1
1
1
1
