0
0.2
0.220481927710843
0.250602409638554
0.281927710843373
0.318072289156626
0.391566265060241
0.432530120481928
0.493975903614458
0.537349397590361
0.563855421686747
0.568674698795181
0.587951807228916
0.663855421686747
0.703614457831325
0.765060240963855
0.773493975903614
0.818072289156627
0.859036144578313
0.902409638554217
0.932530120481928
0.937349397590361
0.942168674698795
0.95421686746988
0.957831325301205
0.966265060240964
0.963855421686747
0.966265060240964
0.968674698795181
0.972289156626506
0.975903614457831
0.980722891566265
0.985542168674699
0.992771084337349
0.996385542168675
0.997590361445783
0.998795180722892
0.997590361445783
0.996385542168675
0.996385542168675
0.996385542168675
1
1
1
1
1
1
1
1
1
1
1
1
1
1
1
1
1
1
1
1
1
1
1
1
1
1
1
1
1
1
1
1
1
1
1
1
1
1
1
1
1
1
1
1
1
1
1
1
1
1
1
1
