0
0.2
0.256626506024096
0.366265060240964
0.48433734939759
0.597590361445783
0.672289156626506
0.763855421686747
0.833734939759036
0.895180722891566
0.92289156626506
0.948192771084337
0.969879518072289
0.974698795180723
0.987951807228916
0.991566265060241
0.991566265060241
0.989156626506024
0.992771084337349
0.997590361445783
0.996385542168675
0.997590361445783
1
1
1
1
1
1
1
1
1
1
1
1
1
1
1
1
1
1
1
1
1
1
1
1
1
1
1
1
1
1
1
1
1
1
1
1
1
1
1
1
1
1
1
1
1
1
1
1
1
1
1
1
1
1
1
1
1
1
1
1
1
1
1
1
1
1
1
1
1
1
1
