0
0.1
0.102409638554217
0.11566265060241
0.126506024096386
0.150602409638554
0.175903614457831
0.218072289156627
0.251807228915663
0.246987951807229
0.257831325301205
0.283132530120482
0.313253012048193
0.31566265060241
0.319277108433735
0.355421686746988
0.375903614457831
0.426506024096386
0.471084337349398
0.463855421686747
0.504819277108434
0.559036144578313
0.585542168674699
0.621686746987952
0.643373493975904
0.66144578313253
0.675903614457831
0.707228915662651
0.736144578313253
0.750602409638554
0.763855421686747
0.787951807228916
0.797590361445783
0.82289156626506
0.828915662650602
0.818072289156627
0.846987951807229
0.863855421686747
0.856626506024096
0.874698795180723
0.875903614457831
0.890361445783132
0.902409638554217
0.909638554216867
0.919277108433735
0.918072289156627
0.908433734939759
0.926506024096385
0.925301204819277
0.942168674698795
0.942168674698795
0.939759036144578
0.95421686746988
0.960240963855422
0.96144578313253
0.962650602409639
0.969879518072289
0.957831325301205
0.956626506024096
0.963855421686747
0.959036144578313
0.979518072289157
0.990361445783133
0.983132530120482
0.978313253012048
0.983132530120482
0.98433734939759
0.995180722891566
0.995180722891566
0.992771084337349
0.993975903614458
0.992771084337349
0.992771084337349
0.993975903614458
0.996385542168675
0.996385542168675
0.998795180722892
0.997590361445783
0.998795180722892
0.998795180722892
0.997590361445783
1
1
1
1
1
1
1
1
1
1
1
1
