0
0.2
0.210843373493976
0.242168674698795
0.304819277108434
0.386746987951807
0.432530120481928
0.481927710843373
0.530120481927711
0.597590361445783
0.672289156626506
0.726506024096386
0.768674698795181
0.810843373493976
0.836144578313253
0.881927710843374
0.901204819277108
0.928915662650602
0.928915662650602
0.943373493975904
0.94578313253012
0.95421686746988
0.968674698795181
0.971084337349398
0.967469879518072
0.983132530120482
0.987951807228916
0.996385542168675
0.995180722891566
0.990361445783133
0.992771084337349
0.993975903614458
0.996385542168675
0.996385542168675
0.992771084337349
0.996385542168675
0.997590361445783
1
1
1
1
1
1
1
1
1
1
1
1
1
1
1
1
1
1
1
1
1
1
1
1
1
1
1
1
1
1
1
1
1
1
1
1
1
1
1
1
1
1
1
1
1
1
1
1
1
1
1
1
1
1
1
1
