0
0.1
0.134939759036145
0.181927710843374
0.265060240963855
0.34578313253012
0.442168674698795
0.539759036144578
0.64578313253012
0.719277108433735
0.772289156626506
0.831325301204819
0.880722891566265
0.914457831325301
0.936144578313253
0.953012048192771
0.973493975903614
0.983132530120482
0.990361445783133
0.993975903614458
0.993975903614458
0.995180722891566
0.991566265060241
0.995180722891566
0.995180722891566
0.998795180722892
1
1
1
1
1
1
1
1
1
1
1
1
1
1
1
1
1
1
1
1
1
1
1
1
1
1
1
1
1
1
1
1
1
1
1
1
1
1
1
1
1
1
1
1
1
1
1
1
1
1
1
1
1
1
1
1
1
1
1
1
1
1
1
1
1
1
1
