0
0.2
0.25421686746988
0.348192771084337
0.46144578313253
0.575903614457831
0.704819277108434
0.755421686746988
0.831325301204819
0.886746987951807
0.909638554216867
0.940963855421687
0.956626506024096
0.966265060240964
0.971084337349398
0.978313253012048
0.986746987951807
0.991566265060241
0.993975903614458
0.998795180722892
0.998795180722892
0.997590361445783
0.997590361445783
0.997590361445783
1
1
1
1
1
1
1
1
1
1
1
1
1
1
1
1
1
1
1
1
1
1
1
1
1
1
1
1
1
1
1
1
1
1
1
1
1
1
1
1
1
1
1
1
1
1
1
1
1
1
1
1
1
1
1
1
1
1
1
1
1
1
1
1
1
1
1
1
1
