0
0.3
0.306024096385542
0.301204819277108
0.312048192771084
0.327710843373494
0.348192771084337
0.37710843373494
0.369879518072289
0.392771084337349
0.440963855421687
0.416867469879518
0.463855421686747
0.463855421686747
0.456626506024096
0.444578313253012
0.459036144578313
0.457831325301205
0.450602409638554
0.468674698795181
0.485542168674699
0.475903614457831
0.5
0.498795180722892
0.516867469879518
0.524096385542169
0.546987951807229
0.565060240963855
0.592771084337349
0.593975903614458
0.596385542168675
0.583132530120482
0.550602409638554
0.565060240963855
0.56144578313253
0.598795180722892
0.604819277108434
0.592771084337349
0.601204819277108
0.601204819277108
0.590361445783133
0.571084337349398
0.603614457831325
0.630120481927711
0.659036144578313
0.674698795180723
0.669879518072289
0.709638554216868
0.713253012048193
0.712048192771084
0.716867469879518
0.734939759036145
0.734939759036145
0.72289156626506
0.750602409638554
0.766265060240964
0.774698795180723
0.789156626506024
0.81566265060241
0.826506024096386
0.837349397590361
0.83855421686747
0.856626506024096
0.868674698795181
0.879518072289157
0.87710843373494
0.898795180722892
0.897590361445783
0.909638554216867
0.927710843373494
0.912048192771084
0.916867469879518
0.91566265060241
0.924096385542169
0.934939759036145
0.932530120481928
0.93855421686747
0.930120481927711
0.934939759036145
0.939759036144578
0.951807228915663
0.963855421686747
0.974698795180723
0.97710843373494
0.967469879518072
0.96144578313253
0.965060240963855
0.967469879518072
0.974698795180723
0.980722891566265
0.985542168674699
0.986746987951807
0.992771084337349
