0
0.3
0.336144578313253
0.414457831325301
0.47710843373494
0.553012048192771
0.64578313253012
0.725301204819277
0.795180722891566
0.846987951807229
0.867469879518072
0.920481927710843
0.943373493975904
0.94578313253012
0.950602409638554
0.96144578313253
0.965060240963855
0.975903614457831
0.975903614457831
0.978313253012048
0.985542168674699
0.990361445783133
0.989156626506024
0.989156626506024
0.989156626506024
0.991566265060241
0.996385542168675
0.997590361445783
0.997590361445783
0.995180722891566
0.997590361445783
1
1
1
1
1
1
1
1
1
1
1
1
1
1
1
1
1
1
1
1
1
1
1
1
1
1
1
1
1
1
1
1
1
1
1
1
1
1
1
1
1
1
1
1
1
1
1
1
1
1
1
1
1
1
1
1
1
1
1
1
1
1
