0
0.1
0.104819277108434
0.11566265060241
0.146987951807229
0.157831325301205
0.2
0.2
0.230120481927711
0.271084337349398
0.327710843373494
0.369879518072289
0.404819277108434
0.454216867469879
0.504819277108434
0.555421686746988
0.619277108433735
0.675903614457831
0.731325301204819
0.762650602409639
0.813253012048193
0.820481927710843
0.839759036144578
0.857831325301205
0.860240963855422
0.880722891566265
0.903614457831325
0.924096385542169
0.944578313253012
0.95421686746988
0.966265060240964
0.965060240963855
0.980722891566265
0.97710843373494
0.981927710843373
0.98433734939759
0.972289156626506
0.972289156626506
0.983132530120482
0.986746987951807
0.989156626506024
0.986746987951807
0.991566265060241
0.992771084337349
0.993975903614458
0.995180722891566
0.995180722891566
0.995180722891566
0.998795180722892
0.998795180722892
0.997590361445783
0.998795180722892
0.998795180722892
1
1
1
1
1
1
1
1
1
1
1
1
1
1
1
1
1
1
1
1
1
1
1
1
1
1
1
1
1
1
1
1
1
1
1
1
1
1
1
1
