0
0.2
0.240963855421687
0.312048192771084
0.375903614457831
0.465060240963855
0.542168674698795
0.642168674698795
0.713253012048193
0.76144578313253
0.807228915662651
0.86144578313253
0.889156626506024
0.908433734939759
0.928915662650602
0.943373493975904
0.951807228915663
0.968674698795181
0.978313253012048
0.98433734939759
0.98433734939759
0.985542168674699
0.98433734939759
0.990361445783133
0.989156626506024
0.996385542168675
0.995180722891566
0.993975903614458
0.995180722891566
0.998795180722892
1
1
1
1
1
1
1
1
1
1
1
1
1
1
1
1
1
1
1
1
1
1
1
1
1
1
1
1
1
1
1
1
1
1
1
1
1
1
1
1
1
1
1
1
1
1
1
1
1
1
1
1
1
1
1
1
1
1
1
1
1
1
1
