0
0.3
0.330120481927711
0.362650602409639
0.389156626506024
0.406024096385542
0.450602409638554
0.496385542168675
0.537349397590361
0.574698795180723
0.589156626506024
0.619277108433735
0.648192771084337
0.679518072289157
0.721686746987952
0.748192771084337
0.751807228915663
0.771084337349398
0.793975903614458
0.814457831325301
0.82289156626506
0.842168674698795
0.86144578313253
0.891566265060241
0.9
0.891566265060241
0.910843373493976
0.931325301204819
0.943373493975904
0.962650602409639
0.974698795180723
0.973493975903614
0.966265060240964
0.973493975903614
0.979518072289157
0.978313253012048
0.983132530120482
0.979518072289157
0.983132530120482
0.986746987951807
0.992771084337349
0.990361445783133
0.989156626506024
0.986746987951807
0.987951807228916
0.989156626506024
0.992771084337349
0.990361445783133
0.991566265060241
0.990361445783133
0.995180722891566
0.996385542168675
0.996385542168675
0.995180722891566
0.993975903614458
0.996385542168675
0.996385542168675
0.996385542168675
0.997590361445783
0.998795180722892
1
1
1
1
1
1
1
1
1
1
1
1
1
1
1
1
1
1
1
1
1
1
1
1
1
1
1
1
1
1
1
1
1
