0
0.3
0.309638554216867
0.357831325301205
0.427710843373494
0.457831325301205
0.507228915662651
0.568674698795181
0.590361445783133
0.653012048192771
0.698795180722892
0.692771084337349
0.718072289156626
0.736144578313253
0.771084337349398
0.807228915662651
0.828915662650602
0.86144578313253
0.875903614457831
0.892771084337349
0.916867469879518
0.924096385542169
0.937349397590361
0.944578313253012
0.972289156626506
0.975903614457831
0.971084337349398
0.97710843373494
0.97710843373494
0.986746987951807
0.992771084337349
0.992771084337349
0.989156626506024
0.983132530120482
0.979518072289157
0.983132530120482
0.991566265060241
0.996385542168675
0.996385542168675
0.996385542168675
0.997590361445783
0.997590361445783
0.996385542168675
0.998795180722892
0.996385542168675
0.996385542168675
0.998795180722892
0.997590361445783
1
1
1
1
1
1
1
1
1
1
1
1
1
1
1
1
1
1
1
1
1
1
1
1
1
1
1
1
1
1
1
1
1
1
1
1
1
1
1
1
1
1
1
1
1
