0
0.4
0.398795180722892
0.418072289156627
0.446987951807229
0.524096385542169
0.575903614457831
0.598795180722892
0.63855421686747
0.67710843373494
0.716867469879518
0.737349397590361
0.740963855421687
0.774698795180723
0.833734939759036
0.855421686746988
0.875903614457831
0.896385542168675
0.918072289156627
0.930120481927711
0.943373493975904
0.962650602409639
0.968674698795181
0.967469879518072
0.98433734939759
0.987951807228916
0.992771084337349
0.993975903614458
0.992771084337349
0.998795180722892
1
1
1
1
1
1
1
1
1
1
1
1
1
1
1
1
1
1
1
1
1
1
1
1
1
1
1
1
1
1
1
1
1
1
1
1
1
1
1
1
1
1
1
1
1
1
1
1
1
1
1
1
1
1
1
1
1
1
1
1
1
1
1
