0
0.3
0.308433734939759
0.306024096385542
0.327710843373494
0.344578313253012
0.37710843373494
0.355421686746988
0.357831325301205
0.387951807228916
0.404819277108434
0.372289156626506
0.397590361445783
0.38433734939759
0.402409638554217
0.381927710843374
0.4
0.414457831325301
0.414457831325301
0.444578313253012
0.455421686746988
0.474698795180723
0.496385542168675
0.513253012048193
0.52289156626506
0.528915662650602
0.544578313253012
0.553012048192771
0.575903614457831
0.593975903614458
0.586746987951807
0.604819277108434
0.603614457831325
0.620481927710843
0.625301204819277
0.648192771084337
0.665060240963855
0.667469879518072
0.669879518072289
0.67710843373494
0.668674698795181
0.703614457831325
0.754216867469879
0.793975903614458
0.779518072289157
0.791566265060241
0.8
0.796385542168675
0.803614457831325
0.785542168674699
0.825301204819277
0.814457831325301
0.785542168674699
0.804819277108434
0.839759036144578
0.849397590361446
0.86144578313253
0.885542168674699
0.893975903614458
0.879518072289157
0.874698795180723
0.881927710843374
0.904819277108434
0.916867469879518
0.931325301204819
0.934939759036145
0.93855421686747
0.951807228915663
0.95421686746988
0.953012048192771
0.959036144578313
0.965060240963855
0.975903614457831
0.971084337349398
0.975903614457831
0.975903614457831
0.975903614457831
0.986746987951807
0.992771084337349
0.991566265060241
0.989156626506024
0.983132530120482
0.981927710843373
0.979518072289157
0.974698795180723
0.983132530120482
0.980722891566265
0.985542168674699
0.98433734939759
0.980722891566265
0.981927710843373
0.983132530120482
0.985542168674699
