0
0.2
0.218072289156627
0.224096385542169
0.237349397590361
0.271084337349398
0.304819277108434
0.349397590361446
0.369879518072289
0.379518072289157
0.373493975903614
0.380722891566265
0.356626506024096
0.378313253012048
0.378313253012048
0.368674698795181
0.390361445783133
0.416867469879518
0.421686746987952
0.443373493975904
0.460240963855422
0.451807228915663
0.467469879518072
0.492771084337349
0.472289156626506
0.490361445783133
0.490361445783133
0.475903614457831
0.472289156626506
0.450602409638554
0.475903614457831
0.460240963855422
0.48433734939759
0.502409638554217
0.550602409638554
0.503614457831325
0.531325301204819
0.549397590361446
0.572289156626506
0.596385542168675
0.597590361445783
0.602409638554217
0.632530120481928
0.628915662650602
0.625301204819277
0.643373493975904
0.679518072289157
0.701204819277108
0.72289156626506
0.746987951807229
0.760240963855422
0.774698795180723
0.78433734939759
0.802409638554217
0.821686746987952
0.828915662650602
0.842168674698795
0.850602409638554
0.848192771084337
0.85421686746988
0.886746987951807
0.892771084337349
0.910843373493976
0.91566265060241
0.933734939759036
0.927710843373494
0.93855421686747
0.934939759036145
0.932530120481928
0.927710843373494
0.936144578313253
0.943373493975904
0.946987951807229
0.94578313253012
0.948192771084337
0.955421686746988
0.968674698795181
0.972289156626506
0.971084337349398
0.97710843373494
0.98433734939759
0.981927710843373
0.980722891566265
0.980722891566265
0.974698795180723
0.978313253012048
0.981927710843373
0.986746987951807
0.987951807228916
0.990361445783133
0.989156626506024
0.992771084337349
0.993975903614458
