0
0.5
0.497590361445783
0.544578313253012
0.581927710843373
0.574698795180723
0.603614457831325
0.598795180722892
0.590361445783133
0.585542168674699
0.567469879518072
0.551807228915663
0.563855421686747
0.579518072289157
0.597590361445783
0.589156626506024
0.6
0.616867469879518
0.596385542168675
0.631325301204819
0.626506024096386
0.633734939759036
0.639759036144578
0.640963855421687
0.666265060240964
0.662650602409639
0.686746987951807
0.693975903614458
0.704819277108434
0.728915662650602
0.731325301204819
0.72289156626506
0.727710843373494
0.769879518072289
0.767469879518072
0.755421686746988
0.760240963855422
0.748192771084337
0.757831325301205
0.789156626506024
0.830120481927711
0.83855421686747
0.824096385542169
0.840963855421687
0.860240963855422
0.867469879518072
0.869879518072289
0.885542168674699
0.895180722891566
0.883132530120482
0.887951807228916
0.875903614457831
0.866265060240964
0.874698795180723
0.875903614457831
0.880722891566265
0.871084337349398
0.859036144578313
0.863855421686747
0.863855421686747
0.883132530120482
0.878313253012048
0.902409638554217
0.927710843373494
0.936144578313253
0.942168674698795
0.959036144578313
0.957831325301205
0.967469879518072
0.968674698795181
0.963855421686747
0.965060240963855
0.965060240963855
0.973493975903614
0.980722891566265
0.98433734939759
0.985542168674699
0.981927710843373
0.987951807228916
0.989156626506024
0.990361445783133
0.990361445783133
0.985542168674699
0.989156626506024
0.990361445783133
0.989156626506024
0.992771084337349
0.992771084337349
0.997590361445783
0.998795180722892
1
1
1
