0
0.4
0.459036144578313
0.527710843373494
0.546987951807229
0.607228915662651
0.64578313253012
0.691566265060241
0.704819277108434
0.725301204819277
0.743373493975904
0.753012048192771
0.772289156626506
0.808433734939759
0.832530120481928
0.853012048192771
0.901204819277108
0.91566265060241
0.925301204819277
0.942168674698795
0.943373493975904
0.953012048192771
0.981927710843373
0.986746987951807
0.985542168674699
0.991566265060241
0.995180722891566
0.995180722891566
0.996385542168675
0.998795180722892
0.997590361445783
0.997590361445783
0.996385542168675
1
1
1
1
1
1
1
1
1
1
1
1
1
1
1
1
1
1
1
1
1
1
1
1
1
1
1
1
1
1
1
1
1
1
1
1
1
1
1
1
1
1
1
1
1
1
1
1
1
1
1
1
1
1
1
1
1
1
1
1
