0
0.2
0.260240963855422
0.334939759036145
0.372289156626506
0.44578313253012
0.520481927710843
0.565060240963855
0.596385542168675
0.665060240963855
0.71566265060241
0.775903614457831
0.809638554216867
0.831325301204819
0.862650602409639
0.887951807228916
0.897590361445783
0.906024096385542
0.931325301204819
0.951807228915663
0.951807228915663
0.966265060240964
0.983132530120482
0.987951807228916
0.987951807228916
0.987951807228916
0.992771084337349
0.996385542168675
0.998795180722892
0.997590361445783
0.998795180722892
0.998795180722892
1
1
1
1
1
1
1
1
1
1
1
1
1
1
1
1
1
1
1
1
1
1
1
1
1
1
1
1
1
1
1
1
1
1
1
1
1
1
1
1
1
1
1
1
1
1
1
1
1
1
1
1
1
1
1
1
1
1
1
1
1
