0
0.3
0.28433734939759
0.285542168674699
0.291566265060241
0.279518072289157
0.308433734939759
0.348192771084337
0.371084337349398
0.381927710843374
0.380722891566265
0.365060240963855
0.375903614457831
0.386746987951807
0.393975903614458
0.419277108433735
0.437349397590361
0.434939759036145
0.432530120481928
0.433734939759036
0.471084337349398
0.507228915662651
0.501204819277108
0.527710843373494
0.528915662650602
0.560240963855422
0.587951807228916
0.612048192771084
0.621686746987952
0.634939759036145
0.672289156626506
0.671084337349398
0.680722891566265
0.714457831325301
0.725301204819277
0.691566265060241
0.696385542168675
0.697590361445783
0.72289156626506
0.718072289156626
0.72289156626506
0.734939759036145
0.76144578313253
0.775903614457831
0.801204819277108
0.812048192771084
0.832530120481928
0.831325301204819
0.836144578313253
0.849397590361446
0.871084337349398
0.886746987951807
0.885542168674699
0.891566265060241
0.890361445783132
0.9
0.907228915662651
0.901204819277108
0.912048192771084
0.930120481927711
0.925301204819277
0.921686746987952
0.937349397590361
0.937349397590361
0.942168674698795
0.950602409638554
0.969879518072289
0.978313253012048
0.979518072289157
0.97710843373494
0.973493975903614
0.979518072289157
0.974698795180723
0.983132530120482
0.986746987951807
0.991566265060241
0.992771084337349
0.991566265060241
0.989156626506024
0.995180722891566
0.998795180722892
1
1
1
1
1
1
1
1
1
1
1
1
