0
0.1
0.106024096385542
0.11566265060241
0.156626506024096
0.163855421686747
0.198795180722892
0.232530120481928
0.273493975903614
0.306024096385542
0.343373493975904
0.403614457831325
0.459036144578313
0.492771084337349
0.549397590361446
0.572289156626506
0.613253012048193
0.634939759036145
0.692771084337349
0.736144578313253
0.767469879518072
0.807228915662651
0.82289156626506
0.849397590361446
0.867469879518072
0.902409638554217
0.924096385542169
0.934939759036145
0.926506024096385
0.937349397590361
0.939759036144578
0.955421686746988
0.959036144578313
0.966265060240964
0.973493975903614
0.981927710843373
0.981927710843373
0.989156626506024
0.991566265060241
0.996385542168675
0.995180722891566
0.995180722891566
0.998795180722892
0.998795180722892
0.996385542168675
0.996385542168675
0.996385542168675
0.996385542168675
0.996385542168675
0.998795180722892
1
1
1
1
1
1
1
1
1
1
1
1
1
1
1
1
1
1
1
1
1
1
1
1
1
1
1
1
1
1
1
1
1
1
1
1
1
1
1
1
1
1
1
