0
0.5
0.513253012048193
0.550602409638554
0.579518072289157
0.560240963855422
0.565060240963855
0.602409638554217
0.632530120481928
0.656626506024096
0.680722891566265
0.695180722891566
0.696385542168675
0.678313253012048
0.674698795180723
0.691566265060241
0.704819277108434
0.708433734939759
0.716867469879518
0.718072289156626
0.746987951807229
0.760240963855422
0.789156626506024
0.807228915662651
0.824096385542169
0.826506024096386
0.821686746987952
0.828915662650602
0.842168674698795
0.837349397590361
0.849397590361446
0.839759036144578
0.839759036144578
0.830120481927711
0.862650602409639
0.875903614457831
0.87710843373494
0.889156626506024
0.879518072289157
0.875903614457831
0.874698795180723
0.889156626506024
0.908433734939759
0.925301204819277
0.924096385542169
0.93855421686747
0.931325301204819
0.930120481927711
0.934939759036145
0.931325301204819
0.939759036144578
0.944578313253012
0.955421686746988
0.960240963855422
0.969879518072289
0.969879518072289
0.972289156626506
0.97710843373494
0.975903614457831
0.978313253012048
0.975903614457831
0.97710843373494
0.972289156626506
0.96144578313253
0.967469879518072
0.97710843373494
0.98433734939759
0.983132530120482
0.983132530120482
0.989156626506024
0.991566265060241
0.992771084337349
0.998795180722892
0.998795180722892
0.996385542168675
0.995180722891566
0.995180722891566
0.995180722891566
0.995180722891566
0.992771084337349
0.986746987951807
0.990361445783133
0.990361445783133
0.989156626506024
0.989156626506024
0.992771084337349
0.989156626506024
0.993975903614458
0.992771084337349
0.992771084337349
0.987951807228916
0.986746987951807
0.986746987951807
