0
0.2
0.219277108433735
0.251807228915663
0.296385542168675
0.32289156626506
0.383132530120482
0.434939759036145
0.472289156626506
0.526506024096386
0.578313253012048
0.625301204819277
0.667469879518072
0.701204819277108
0.743373493975904
0.762650602409639
0.8
0.813253012048193
0.836144578313253
0.872289156626506
0.895180722891566
0.909638554216867
0.906024096385542
0.907228915662651
0.931325301204819
0.955421686746988
0.960240963855422
0.955421686746988
0.963855421686747
0.973493975903614
0.979518072289157
0.989156626506024
0.990361445783133
0.995180722891566
0.996385542168675
0.997590361445783
0.997590361445783
1
1
1
1
1
1
1
1
1
1
1
1
1
1
1
1
1
1
1
1
1
1
1
1
1
1
1
1
1
1
1
1
1
1
1
1
1
1
1
1
1
1
1
1
1
1
1
1
1
1
1
1
1
1
1
1
