0
0.3
0.334939759036145
0.395180722891566
0.467469879518072
0.537349397590361
0.586746987951807
0.637349397590361
0.696385542168675
0.751807228915663
0.795180722891566
0.859036144578313
0.887951807228916
0.896385542168675
0.928915662650602
0.933734939759036
0.943373493975904
0.949397590361446
0.956626506024096
0.966265060240964
0.974698795180723
0.983132530120482
0.98433734939759
0.986746987951807
0.986746987951807
0.990361445783133
0.987951807228916
0.992771084337349
0.993975903614458
0.996385542168675
0.998795180722892
1
1
1
1
1
1
1
1
1
1
1
1
1
1
1
1
1
1
1
1
1
1
1
1
1
1
1
1
1
1
1
1
1
1
1
1
1
1
1
1
1
1
1
1
1
1
1
1
1
1
1
1
1
1
1
1
1
1
1
1
1
1
