0
0.3
0.326506024096386
0.359036144578313
0.393975903614458
0.434939759036145
0.473493975903614
0.503614457831325
0.543373493975904
0.542168674698795
0.567469879518072
0.583132530120482
0.621686746987952
0.67710843373494
0.662650602409639
0.686746987951807
0.7
0.710843373493976
0.740963855421687
0.754216867469879
0.796385542168675
0.818072289156627
0.818072289156627
0.830120481927711
0.83855421686747
0.857831325301205
0.855421686746988
0.860240963855422
0.859036144578313
0.866265060240964
0.902409638554217
0.912048192771084
0.924096385542169
0.932530120481928
0.926506024096385
0.933734939759036
0.937349397590361
0.933734939759036
0.951807228915663
0.959036144578313
0.955421686746988
0.943373493975904
0.965060240963855
0.967469879518072
0.978313253012048
0.983132530120482
0.986746987951807
0.981927710843373
0.995180722891566
0.997590361445783
0.998795180722892
0.997590361445783
0.997590361445783
1
1
1
1
1
1
1
1
1
1
1
1
1
1
1
1
1
1
1
1
1
1
1
1
1
1
1
1
1
1
1
1
1
1
1
1
1
1
1
1
