0
0.4
0.407228915662651
0.507228915662651
0.546987951807229
0.596385542168675
0.655421686746988
0.691566265060241
0.732530120481928
0.768674698795181
0.806024096385542
0.832530120481928
0.862650602409639
0.883132530120482
0.890361445783132
0.926506024096385
0.936144578313253
0.959036144578313
0.972289156626506
0.973493975903614
0.983132530120482
0.979518072289157
0.987951807228916
0.98433734939759
0.989156626506024
0.987951807228916
0.997590361445783
0.997590361445783
0.996385542168675
0.996385542168675
0.997590361445783
1
1
1
1
1
1
1
1
1
1
1
1
1
1
1
1
1
1
1
1
1
1
1
1
1
1
1
1
1
1
1
1
1
1
1
1
1
1
1
1
1
1
1
1
1
1
1
1
1
1
1
1
1
1
1
1
1
1
1
1
1
1
