0
0.2
0.186746987951807
0.174698795180723
0.178313253012048
0.18433734939759
0.2
0.207228915662651
0.227710843373494
0.257831325301205
0.260240963855422
0.275903614457831
0.327710843373494
0.346987951807229
0.366265060240964
0.368674698795181
0.416867469879518
0.453012048192771
0.480722891566265
0.501204819277108
0.53855421686747
0.580722891566265
0.634939759036145
0.662650602409639
0.685542168674699
0.714457831325301
0.728915662650602
0.732530120481928
0.748192771084337
0.762650602409639
0.791566265060241
0.820481927710843
0.82289156626506
0.813253012048193
0.819277108433735
0.837349397590361
0.853012048192771
0.862650602409639
0.875903614457831
0.883132530120482
0.890361445783132
0.908433734939759
0.92289156626506
0.916867469879518
0.926506024096385
0.925301204819277
0.934939759036145
0.934939759036145
0.957831325301205
0.963855421686747
0.97710843373494
0.98433734939759
0.980722891566265
0.975903614457831
0.97710843373494
0.973493975903614
0.978313253012048
0.978313253012048
0.974698795180723
0.979518072289157
0.98433734939759
0.987951807228916
0.986746987951807
0.987951807228916
0.993975903614458
0.992771084337349
0.993975903614458
0.995180722891566
0.995180722891566
0.996385542168675
0.996385542168675
0.997590361445783
0.997590361445783
0.998795180722892
0.998795180722892
0.998795180722892
1
1
1
1
1
1
1
1
1
1
1
1
1
1
1
1
1
