0
0.3
0.333734939759036
0.324096385542169
0.346987951807229
0.393975903614458
0.407228915662651
0.412048192771084
0.42289156626506
0.440963855421687
0.467469879518072
0.479518072289157
0.532530120481928
0.568674698795181
0.589156626506024
0.61566265060241
0.620481927710843
0.62289156626506
0.648192771084337
0.671084337349398
0.697590361445783
0.745783132530121
0.756626506024096
0.795180722891566
0.803614457831325
0.792771084337349
0.819277108433735
0.85421686746988
0.878313253012048
0.893975903614458
0.904819277108434
0.921686746987952
0.930120481927711
0.937349397590361
0.950602409638554
0.966265060240964
0.965060240963855
0.981927710843373
0.983132530120482
0.985542168674699
0.989156626506024
0.991566265060241
0.987951807228916
0.990361445783133
0.990361445783133
0.993975903614458
1
1
1
1
1
1
1
1
1
1
1
1
1
1
1
1
1
1
1
1
1
1
1
1
1
1
1
1
1
1
1
1
1
1
1
1
1
1
1
1
1
1
1
1
1
1
1
