0
0.2
0.230120481927711
0.285542168674699
0.369879518072289
0.485542168674699
0.553012048192771
0.636144578313253
0.687951807228916
0.750602409638554
0.816867469879518
0.871084337349398
0.906024096385542
0.921686746987952
0.937349397590361
0.956626506024096
0.963855421686747
0.974698795180723
0.979518072289157
0.98433734939759
0.991566265060241
0.990361445783133
0.993975903614458
0.992771084337349
0.995180722891566
0.996385542168675
0.998795180722892
0.998795180722892
1
1
1
1
1
1
1
1
1
1
1
1
1
1
1
1
1
1
1
1
1
1
1
1
1
1
1
1
1
1
1
1
1
1
1
1
1
1
1
1
1
1
1
1
1
1
1
1
1
1
1
1
1
1
1
1
1
1
1
1
1
1
1
1
1
