0
0.5
0.502409638554217
0.546987951807229
0.54578313253012
0.54578313253012
0.565060240963855
0.578313253012048
0.595180722891566
0.613253012048193
0.621686746987952
0.598795180722892
0.616867469879518
0.63855421686747
0.648192771084337
0.665060240963855
0.681927710843373
0.683132530120482
0.686746987951807
0.703614457831325
0.714457831325301
0.732530120481928
0.733734939759036
0.742168674698795
0.763855421686747
0.767469879518072
0.789156626506024
0.808433734939759
0.821686746987952
0.819277108433735
0.82289156626506
0.834939759036145
0.836144578313253
0.846987951807229
0.846987951807229
0.851807228915663
0.834939759036145
0.86144578313253
0.868674698795181
0.859036144578313
0.855421686746988
0.88433734939759
0.909638554216867
0.920481927710843
0.931325301204819
0.932530120481928
0.946987951807229
0.934939759036145
0.956626506024096
0.966265060240964
0.963855421686747
0.975903614457831
0.973493975903614
0.974698795180723
0.974698795180723
0.975903614457831
0.981927710843373
0.978313253012048
0.990361445783133
0.992771084337349
0.995180722891566
0.992771084337349
0.995180722891566
1
1
1
1
1
1
1
1
1
1
1
1
1
1
1
1
1
1
1
1
1
1
1
1
1
1
1
1
1
1
