0
0.4
0.436144578313253
0.46144578313253
0.472289156626506
0.469879518072289
0.503614457831325
0.516867469879518
0.525301204819277
0.573493975903615
0.61566265060241
0.653012048192771
0.693975903614458
0.712048192771084
0.731325301204819
0.773493975903614
0.797590361445783
0.831325301204819
0.857831325301205
0.87710843373494
0.879518072289157
0.893975903614458
0.903614457831325
0.908433734939759
0.926506024096385
0.925301204819277
0.933734939759036
0.937349397590361
0.946987951807229
0.960240963855422
0.967469879518072
0.965060240963855
0.969879518072289
0.973493975903614
0.981927710843373
0.987951807228916
0.996385542168675
0.995180722891566
0.996385542168675
0.997590361445783
0.998795180722892
1
1
1
1
1
1
1
1
1
1
1
1
1
1
1
1
1
1
1
1
1
1
1
1
1
1
1
1
1
1
1
1
1
1
1
1
1
1
1
1
1
1
1
1
1
1
1
1
1
1
1
1
