0
0.1
0.109638554216867
0.139759036144578
0.17710843373494
0.213253012048193
0.250602409638554
0.265060240963855
0.287951807228916
0.344578313253012
0.38433734939759
0.41566265060241
0.444578313253012
0.508433734939759
0.532530120481928
0.58433734939759
0.609638554216868
0.651807228915663
0.674698795180723
0.689156626506024
0.733734939759036
0.768674698795181
0.785542168674699
0.798795180722892
0.820481927710843
0.842168674698795
0.853012048192771
0.874698795180723
0.9
0.913253012048193
0.926506024096385
0.937349397590361
0.951807228915663
0.963855421686747
0.966265060240964
0.985542168674699
0.987951807228916
0.991566265060241
0.993975903614458
0.997590361445783
0.997590361445783
0.996385542168675
0.995180722891566
0.995180722891566
0.993975903614458
0.995180722891566
0.997590361445783
0.998795180722892
0.998795180722892
0.997590361445783
0.996385542168675
0.996385542168675
0.995180722891566
0.998795180722892
0.998795180722892
0.997590361445783
0.998795180722892
0.997590361445783
0.998795180722892
1
1
1
1
1
1
1
1
1
1
1
1
1
1
1
1
1
1
1
1
1
1
1
1
1
1
1
1
1
1
1
1
1
1
