0
0.1
0.151807228915663
0.204819277108434
0.303614457831325
0.430120481927711
0.548192771084337
0.675903614457831
0.753012048192771
0.824096385542169
0.878313253012048
0.928915662650602
0.949397590361446
0.969879518072289
0.974698795180723
0.985542168674699
0.986746987951807
0.989156626506024
0.996385542168675
0.998795180722892
0.997590361445783
0.998795180722892
0.997590361445783
0.998795180722892
0.998795180722892
1
1
1
1
1
1
1
1
1
1
1
1
1
1
1
1
1
1
1
1
1
1
1
1
1
1
1
1
1
1
1
1
1
1
1
1
1
1
1
1
1
1
1
1
1
1
1
1
1
1
1
1
1
1
1
1
1
1
1
1
1
1
1
1
1
1
1
1
