0
0.5
0.566265060240964
0.601204819277108
0.644578313253012
0.727710843373494
0.754216867469879
0.787951807228916
0.804819277108434
0.840963855421687
0.86144578313253
0.898795180722892
0.91566265060241
0.926506024096385
0.928915662650602
0.936144578313253
0.943373493975904
0.96144578313253
0.971084337349398
0.973493975903614
0.97710843373494
0.983132530120482
0.98433734939759
0.986746987951807
0.990361445783133
0.993975903614458
0.992771084337349
0.992771084337349
0.991566265060241
0.992771084337349
0.993975903614458
0.992771084337349
0.991566265060241
0.991566265060241
0.993975903614458
0.997590361445783
0.996385542168675
0.997590361445783
0.998795180722892
1
1
1
1
1
1
1
1
1
1
1
1
1
1
1
1
1
1
1
1
1
1
1
1
1
1
1
1
1
1
1
1
1
1
1
1
1
1
1
1
1
1
1
1
1
1
1
1
1
1
1
1
1
1
