0
0.4
0.540963855421687
0.620481927710843
0.710843373493976
0.771084337349398
0.825301204819277
0.892771084337349
0.932530120481928
0.948192771084337
0.967469879518072
0.980722891566265
0.989156626506024
0.993975903614458
0.993975903614458
0.995180722891566
0.990361445783133
0.981927710843373
0.985542168674699
0.987951807228916
0.993975903614458
0.997590361445783
0.998795180722892
1
1
1
1
1
1
1
1
1
1
1
1
1
1
1
1
1
1
1
1
1
1
1
1
1
1
1
1
1
1
1
1
1
1
1
1
1
1
1
1
1
1
1
1
1
1
1
1
1
1
1
1
1
1
1
1
1
1
1
1
1
1
1
1
1
1
1
1
1
1
