0
0.2
0.21566265060241
0.239759036144578
0.240963855421687
0.228915662650602
0.257831325301205
0.26144578313253
0.259036144578313
0.25421686746988
0.265060240963855
0.307228915662651
0.310843373493976
0.333734939759036
0.34578313253012
0.363855421686747
0.381927710843374
0.418072289156627
0.443373493975904
0.451807228915663
0.444578313253012
0.446987951807229
0.459036144578313
0.487951807228916
0.503614457831325
0.550602409638554
0.526506024096386
0.563855421686747
0.544578313253012
0.559036144578313
0.573493975903615
0.593975903614458
0.6
0.597590361445783
0.58433734939759
0.619277108433735
0.61566265060241
0.601204819277108
0.625301204819277
0.649397590361446
0.665060240963855
0.687951807228916
0.687951807228916
0.67710843373494
0.692771084337349
0.708433734939759
0.692771084337349
0.725301204819277
0.726506024096386
0.740963855421687
0.753012048192771
0.774698795180723
0.785542168674699
0.804819277108434
0.810843373493976
0.827710843373494
0.849397590361446
0.87710843373494
0.891566265060241
0.920481927710843
0.896385542168675
0.893975903614458
0.912048192771084
0.909638554216867
0.920481927710843
0.92289156626506
0.942168674698795
0.940963855421687
0.955421686746988
0.948192771084337
0.948192771084337
0.944578313253012
0.943373493975904
0.956626506024096
0.966265060240964
0.967469879518072
0.965060240963855
0.979518072289157
0.979518072289157
0.98433734939759
0.981927710843373
0.978313253012048
0.978313253012048
0.973493975903614
0.975903614457831
0.979518072289157
0.987951807228916
0.983132530120482
0.989156626506024
0.989156626506024
0.991566265060241
0.995180722891566
0.998795180722892
