0
0.3
0.31566265060241
0.36144578313253
0.410843373493976
0.455421686746988
0.507228915662651
0.550602409638554
0.581927710843373
0.646987951807229
0.691566265060241
0.704819277108434
0.740963855421687
0.756626506024096
0.802409638554217
0.828915662650602
0.856626506024096
0.874698795180723
0.896385542168675
0.901204819277108
0.916867469879518
0.927710843373494
0.930120481927711
0.944578313253012
0.953012048192771
0.96144578313253
0.971084337349398
0.981927710843373
0.986746987951807
0.989156626506024
0.991566265060241
0.996385542168675
0.998795180722892
0.998795180722892
0.997590361445783
0.997590361445783
0.998795180722892
0.998795180722892
1
1
1
1
1
1
1
1
1
1
1
1
1
1
1
1
1
1
1
1
1
1
1
1
1
1
1
1
1
1
1
1
1
1
1
1
1
1
1
1
1
1
1
1
1
1
1
1
1
1
1
1
1
1
1
