0
0.4
0.439759036144578
0.431325301204819
0.475903614457831
0.510843373493976
0.560240963855422
0.609638554216868
0.610843373493976
0.644578313253012
0.643373493975904
0.660240963855422
0.698795180722892
0.757831325301205
0.778313253012048
0.778313253012048
0.802409638554217
0.826506024096386
0.842168674698795
0.85421686746988
0.87710843373494
0.9
0.895180722891566
0.898795180722892
0.904819277108434
0.927710843373494
0.939759036144578
0.937349397590361
0.951807228915663
0.973493975903614
0.978313253012048
0.98433734939759
0.986746987951807
0.972289156626506
0.978313253012048
0.979518072289157
0.97710843373494
0.980722891566265
0.974698795180723
0.972289156626506
0.969879518072289
0.980722891566265
0.986746987951807
0.995180722891566
0.993975903614458
0.995180722891566
0.996385542168675
0.998795180722892
0.998795180722892
0.997590361445783
0.997590361445783
0.998795180722892
1
1
1
1
1
1
1
1
1
1
1
1
1
1
1
1
1
1
1
1
1
1
1
1
1
1
1
1
1
1
1
1
1
1
1
1
1
1
1
1
1
