0
0.4
0.555421686746988
0.674698795180723
0.760240963855422
0.834939759036145
0.881927710843374
0.903614457831325
0.943373493975904
0.959036144578313
0.973493975903614
0.975903614457831
0.98433734939759
0.991566265060241
0.992771084337349
0.995180722891566
0.996385542168675
0.997590361445783
0.998795180722892
0.996385542168675
0.997590361445783
0.996385542168675
1
1
1
1
1
1
1
1
1
1
1
1
1
1
1
1
1
1
1
1
1
1
1
1
1
1
1
1
1
1
1
1
1
1
1
1
1
1
1
1
1
1
1
1
1
1
1
1
1
1
1
1
1
1
1
1
1
1
1
1
1
1
1
1
1
1
1
1
1
1
1
