0
0.4
0.426506024096386
0.468674698795181
0.556626506024096
0.61566265060241
0.65421686746988
0.701204819277108
0.736144578313253
0.778313253012048
0.827710843373494
0.848192771084337
0.856626506024096
0.881927710843374
0.895180722891566
0.897590361445783
0.914457831325301
0.906024096385542
0.928915662650602
0.931325301204819
0.934939759036145
0.957831325301205
0.969879518072289
0.960240963855422
0.969879518072289
0.979518072289157
0.979518072289157
0.978313253012048
0.983132530120482
0.993975903614458
0.987951807228916
0.996385542168675
0.997590361445783
0.998795180722892
0.998795180722892
0.998795180722892
0.998795180722892
0.997590361445783
1
1
1
1
1
1
1
1
1
1
1
1
1
1
1
1
1
1
1
1
1
1
1
1
1
1
1
1
1
1
1
1
1
1
1
1
1
1
1
1
1
1
1
1
1
1
1
1
1
1
1
1
1
1
1
