0
0.4
0.466265060240964
0.483132530120482
0.546987951807229
0.632530120481928
0.662650602409639
0.728915662650602
0.753012048192771
0.798795180722892
0.821686746987952
0.863855421686747
0.889156626506024
0.925301204819277
0.951807228915663
0.962650602409639
0.973493975903614
0.972289156626506
0.981927710843373
0.986746987951807
0.995180722891566
0.993975903614458
0.997590361445783
0.995180722891566
0.995180722891566
0.992771084337349
0.992771084337349
0.996385542168675
1
1
1
1
1
1
1
1
1
1
1
1
1
1
1
1
1
1
1
1
1
1
1
1
1
1
1
1
1
1
1
1
1
1
1
1
1
1
1
1
1
1
1
1
1
1
1
1
1
1
1
1
1
1
1
1
1
1
1
1
1
1
1
1
1
