0
0.4
0.397590361445783
0.41566265060241
0.443373493975904
0.450602409638554
0.503614457831325
0.513253012048193
0.514457831325301
0.514457831325301
0.536144578313253
0.531325301204819
0.526506024096386
0.536144578313253
0.528915662650602
0.531325301204819
0.557831325301205
0.566265060240964
0.56144578313253
0.586746987951807
0.606024096385542
0.642168674698795
0.65421686746988
0.685542168674699
0.707228915662651
0.697590361445783
0.67710843373494
0.701204819277108
0.671084337349398
0.703614457831325
0.691566265060241
0.709638554216868
0.731325301204819
0.763855421686747
0.760240963855422
0.785542168674699
0.804819277108434
0.806024096385542
0.812048192771084
0.84578313253012
0.848192771084337
0.843373493975904
0.834939759036145
0.830120481927711
0.836144578313253
0.853012048192771
0.851807228915663
0.866265060240964
0.859036144578313
0.879518072289157
0.87710843373494
0.887951807228916
0.904819277108434
0.904819277108434
0.896385542168675
0.918072289156627
0.918072289156627
0.925301204819277
0.920481927710843
0.924096385542169
0.912048192771084
0.92289156626506
0.928915662650602
0.940963855421687
0.936144578313253
0.933734939759036
0.928915662650602
0.925301204819277
0.934939759036145
0.948192771084337
0.957831325301205
0.971084337349398
0.978313253012048
0.985542168674699
0.98433734939759
0.983132530120482
0.98433734939759
0.980722891566265
0.987951807228916
0.989156626506024
0.985542168674699
0.986746987951807
0.98433734939759
0.985542168674699
0.98433734939759
0.985542168674699
0.986746987951807
0.987951807228916
0.989156626506024
0.990361445783133
0.992771084337349
0.995180722891566
0.998795180722892
