0
0.1
0.132530120481928
0.193975903614458
0.262650602409639
0.340963855421687
0.387951807228916
0.473493975903614
0.537349397590361
0.628915662650602
0.701204819277108
0.767469879518072
0.8
0.860240963855422
0.897590361445783
0.930120481927711
0.94578313253012
0.962650602409639
0.975903614457831
0.989156626506024
0.990361445783133
0.997590361445783
0.998795180722892
1
1
1
1
1
1
1
1
1
1
1
1
1
1
1
1
1
1
1
1
1
1
1
1
1
1
1
1
1
1
1
1
1
1
1
1
1
1
1
1
1
1
1
1
1
1
1
1
1
1
1
1
1
1
1
1
1
1
1
1
1
1
1
1
1
1
1
1
1
1
