0
0.5
0.566265060240964
0.61566265060241
0.660240963855422
0.685542168674699
0.73855421686747
0.766265060240964
0.82289156626506
0.880722891566265
0.903614457831325
0.910843373493976
0.910843373493976
0.927710843373494
0.940963855421687
0.955421686746988
0.953012048192771
0.968674698795181
0.978313253012048
0.98433734939759
0.986746987951807
0.993975903614458
0.989156626506024
0.992771084337349
0.995180722891566
0.997590361445783
0.997590361445783
0.996385542168675
0.995180722891566
0.996385542168675
0.996385542168675
0.995180722891566
0.996385542168675
0.991566265060241
0.989156626506024
0.989156626506024
0.993975903614458
0.991566265060241
0.992771084337349
0.997590361445783
0.996385542168675
0.997590361445783
1
1
1
1
1
1
1
1
1
1
1
1
1
1
1
1
1
1
1
1
1
1
1
1
1
1
1
1
1
1
1
1
1
1
1
1
1
1
1
1
1
1
1
1
1
1
1
1
1
1
1
