0
0.4
0.506024096385542
0.596385542168675
0.7
0.763855421686747
0.82289156626506
0.875903614457831
0.907228915662651
0.930120481927711
0.940963855421687
0.955421686746988
0.963855421686747
0.969879518072289
0.97710843373494
0.980722891566265
0.983132530120482
0.97710843373494
0.981927710843373
0.989156626506024
0.983132530120482
0.990361445783133
0.987951807228916
0.990361445783133
0.991566265060241
0.995180722891566
0.998795180722892
0.998795180722892
0.998795180722892
0.996385542168675
0.996385542168675
0.998795180722892
0.997590361445783
0.998795180722892
0.997590361445783
0.998795180722892
1
1
1
1
1
1
1
1
1
1
1
1
1
1
1
1
1
1
1
1
1
1
1
1
1
1
1
1
1
1
1
1
1
1
1
1
1
1
1
1
1
1
1
1
1
1
1
1
1
1
1
1
1
1
1
1
1
