0
0.2
0.269879518072289
0.41566265060241
0.580722891566265
0.716867469879518
0.789156626506024
0.849397590361446
0.912048192771084
0.926506024096385
0.94578313253012
0.950602409638554
0.975903614457831
0.980722891566265
0.986746987951807
0.986746987951807
0.992771084337349
0.991566265060241
0.996385542168675
0.995180722891566
0.991566265060241
0.995180722891566
0.996385542168675
0.997590361445783
1
1
1
1
1
1
1
1
1
1
1
1
1
1
1
1
1
1
1
1
1
1
1
1
1
1
1
1
1
1
1
1
1
1
1
1
1
1
1
1
1
1
1
1
1
1
1
1
1
1
1
1
1
1
1
1
1
1
1
1
1
1
1
1
1
1
1
1
1
