0
0.1
0.133734939759036
0.134939759036145
0.144578313253012
0.175903614457831
0.220481927710843
0.26144578313253
0.302409638554217
0.34578313253012
0.408433734939759
0.465060240963855
0.501204819277108
0.551807228915663
0.593975903614458
0.627710843373494
0.696385542168675
0.732530120481928
0.773493975903614
0.834939759036145
0.871084337349398
0.903614457831325
0.921686746987952
0.920481927710843
0.930120481927711
0.934939759036145
0.937349397590361
0.937349397590361
0.942168674698795
0.957831325301205
0.95421686746988
0.95421686746988
0.96144578313253
0.965060240963855
0.980722891566265
0.989156626506024
0.98433734939759
0.986746987951807
0.991566265060241
0.990361445783133
0.996385542168675
0.992771084337349
0.993975903614458
0.997590361445783
0.997590361445783
0.997590361445783
0.998795180722892
0.998795180722892
1
1
1
1
1
1
1
1
1
1
1
1
1
1
1
1
1
1
1
1
1
1
1
1
1
1
1
1
1
1
1
1
1
1
1
1
1
1
1
1
1
1
1
1
1
