0
0.3
0.332530120481928
0.32289156626506
0.363855421686747
0.391566265060241
0.437349397590361
0.491566265060241
0.533734939759036
0.575903614457831
0.586746987951807
0.613253012048193
0.656626506024096
0.678313253012048
0.707228915662651
0.713253012048193
0.750602409638554
0.757831325301205
0.772289156626506
0.8
0.816867469879518
0.814457831325301
0.831325301204819
0.828915662650602
0.848192771084337
0.846987951807229
0.869879518072289
0.881927710843374
0.902409638554217
0.903614457831325
0.916867469879518
0.908433734939759
0.902409638554217
0.910843373493976
0.913253012048193
0.919277108433735
0.943373493975904
0.94578313253012
0.951807228915663
0.95421686746988
0.962650602409639
0.975903614457831
0.98433734939759
0.983132530120482
0.983132530120482
0.972289156626506
0.972289156626506
0.979518072289157
0.980722891566265
0.978313253012048
0.972289156626506
0.962650602409639
0.968674698795181
0.974698795180723
0.97710843373494
0.974698795180723
0.978313253012048
0.981927710843373
0.991566265060241
0.990361445783133
0.992771084337349
0.993975903614458
0.995180722891566
0.995180722891566
0.996385542168675
0.996385542168675
0.995180722891566
0.998795180722892
1
1
1
1
1
1
1
1
1
1
1
1
1
1
1
1
1
1
1
1
1
1
1
1
1
