0
0.2
0.203614457831325
0.219277108433735
0.236144578313253
0.251807228915663
0.272289156626506
0.256626506024096
0.256626506024096
0.251807228915663
0.262650602409639
0.301204819277108
0.327710843373494
0.32289156626506
0.34578313253012
0.368674698795181
0.380722891566265
0.413253012048193
0.430120481927711
0.425301204819277
0.457831325301205
0.508433734939759
0.546987951807229
0.593975903614458
0.631325301204819
0.656626506024096
0.68433734939759
0.724096385542169
0.724096385542169
0.751807228915663
0.73855421686747
0.736144578313253
0.762650602409639
0.757831325301205
0.727710843373494
0.766265060240964
0.772289156626506
0.773493975903614
0.797590361445783
0.801204819277108
0.821686746987952
0.82289156626506
0.834939759036145
0.840963855421687
0.85421686746988
0.863855421686747
0.855421686746988
0.871084337349398
0.869879518072289
0.883132530120482
0.9
0.893975903614458
0.908433734939759
0.920481927710843
0.920481927710843
0.920481927710843
0.910843373493976
0.918072289156627
0.928915662650602
0.939759036144578
0.94578313253012
0.928915662650602
0.942168674698795
0.948192771084337
0.949397590361446
0.963855421686747
0.967469879518072
0.962650602409639
0.963855421686747
0.967469879518072
0.978313253012048
0.979518072289157
0.97710843373494
0.969879518072289
0.969879518072289
0.968674698795181
0.97710843373494
0.97710843373494
0.974698795180723
0.971084337349398
0.963855421686747
0.966265060240964
0.968674698795181
0.980722891566265
0.978313253012048
0.98433734939759
0.985542168674699
0.991566265060241
0.997590361445783
0.998795180722892
1
1
1
