0
0.2
0.206024096385542
0.263855421686747
0.306024096385542
0.378313253012048
0.419277108433735
0.501204819277108
0.578313253012048
0.636144578313253
0.683132530120482
0.760240963855422
0.793975903614458
0.807228915662651
0.857831325301205
0.87710843373494
0.902409638554217
0.912048192771084
0.931325301204819
0.956626506024096
0.960240963855422
0.972289156626506
0.986746987951807
0.986746987951807
0.987951807228916
0.990361445783133
0.985542168674699
0.985542168674699
0.992771084337349
0.993975903614458
0.993975903614458
0.993975903614458
0.996385542168675
0.997590361445783
0.997590361445783
0.998795180722892
0.998795180722892
0.998795180722892
1
1
1
1
1
1
1
1
1
1
1
1
1
1
1
1
1
1
1
1
1
1
1
1
1
1
1
1
1
1
1
1
1
1
1
1
1
1
1
1
1
1
1
1
1
1
1
1
1
1
1
1
1
1
1
