0
0.2
0.263855421686747
0.33855421686747
0.430120481927711
0.503614457831325
0.618072289156626
0.713253012048193
0.802409638554217
0.842168674698795
0.878313253012048
0.92289156626506
0.930120481927711
0.949397590361446
0.965060240963855
0.973493975903614
0.98433734939759
0.989156626506024
0.98433734939759
0.989156626506024
0.987951807228916
0.989156626506024
0.992771084337349
0.992771084337349
0.996385542168675
0.996385542168675
0.998795180722892
1
1
1
1
1
1
1
1
1
1
1
1
1
1
1
1
1
1
1
1
1
1
1
1
1
1
1
1
1
1
1
1
1
1
1
1
1
1
1
1
1
1
1
1
1
1
1
1
1
1
1
1
1
1
1
1
1
1
1
1
1
1
1
1
1
1
