0
0.5
0.520481927710843
0.533734939759036
0.571084337349398
0.61566265060241
0.627710843373494
0.662650602409639
0.703614457831325
0.745783132530121
0.762650602409639
0.793975903614458
0.802409638554217
0.828915662650602
0.856626506024096
0.879518072289157
0.902409638554217
0.92289156626506
0.940963855421687
0.948192771084337
0.949397590361446
0.943373493975904
0.951807228915663
0.944578313253012
0.953012048192771
0.957831325301205
0.969879518072289
0.979518072289157
0.98433734939759
0.989156626506024
0.991566265060241
0.991566265060241
0.997590361445783
0.997590361445783
0.997590361445783
0.996385542168675
0.996385542168675
0.996385542168675
0.998795180722892
1
1
1
1
1
1
1
1
1
1
1
1
1
1
1
1
1
1
1
1
1
1
1
1
1
1
1
1
1
1
1
1
1
1
1
1
1
1
1
1
1
1
1
1
1
1
1
1
1
1
1
1
1
1
