0
0.2
0.275903614457831
0.413253012048193
0.559036144578313
0.693975903614458
0.771084337349398
0.843373493975904
0.881927710843374
0.903614457831325
0.939759036144578
0.963855421686747
0.966265060240964
0.972289156626506
0.97710843373494
0.993975903614458
0.993975903614458
0.995180722891566
0.996385542168675
0.995180722891566
0.996385542168675
0.996385542168675
0.998795180722892
1
1
1
1
1
1
1
1
1
1
1
1
1
1
1
1
1
1
1
1
1
1
1
1
1
1
1
1
1
1
1
1
1
1
1
1
1
1
1
1
1
1
1
1
1
1
1
1
1
1
1
1
1
1
1
1
1
1
1
1
1
1
1
1
1
1
1
1
1
1
