0
0.5
0.51566265060241
0.58433734939759
0.674698795180723
0.706024096385542
0.750602409638554
0.802409638554217
0.832530120481928
0.85421686746988
0.856626506024096
0.907228915662651
0.925301204819277
0.939759036144578
0.948192771084337
0.960240963855422
0.974698795180723
0.98433734939759
0.995180722891566
0.996385542168675
0.995180722891566
0.998795180722892
1
1
1
1
1
1
1
1
1
1
1
1
1
1
1
1
1
1
1
1
1
1
1
1
1
1
1
1
1
1
1
1
1
1
1
1
1
1
1
1
1
1
1
1
1
1
1
1
1
1
1
1
1
1
1
1
1
1
1
1
1
1
1
1
1
1
1
1
1
1
1
