0
0.4
0.419277108433735
0.460240963855422
0.485542168674699
0.548192771084337
0.624096385542169
0.698795180722892
0.732530120481928
0.753012048192771
0.797590361445783
0.821686746987952
0.850602409638554
0.892771084337349
0.892771084337349
0.897590361445783
0.909638554216867
0.931325301204819
0.953012048192771
0.967469879518072
0.98433734939759
0.986746987951807
0.98433734939759
0.993975903614458
0.996385542168675
0.996385542168675
0.993975903614458
0.997590361445783
1
1
1
1
1
1
1
1
1
1
1
1
1
1
1
1
1
1
1
1
1
1
1
1
1
1
1
1
1
1
1
1
1
1
1
1
1
1
1
1
1
1
1
1
1
1
1
1
1
1
1
1
1
1
1
1
1
1
1
1
1
1
1
1
1
