0
0.5
0.530120481927711
0.583132530120482
0.631325301204819
0.697590361445783
0.728915662650602
0.767469879518072
0.830120481927711
0.849397590361446
0.886746987951807
0.902409638554217
0.908433734939759
0.924096385542169
0.942168674698795
0.953012048192771
0.956626506024096
0.960240963855422
0.965060240963855
0.96144578313253
0.968674698795181
0.972289156626506
0.985542168674699
0.987951807228916
0.989156626506024
0.995180722891566
0.996385542168675
0.998795180722892
1
1
1
1
1
1
1
1
1
1
1
1
1
1
1
1
1
1
1
1
1
1
1
1
1
1
1
1
1
1
1
1
1
1
1
1
1
1
1
1
1
1
1
1
1
1
1
1
1
1
1
1
1
1
1
1
1
1
1
1
1
1
1
1
1
