0
0.4
0.393975903614458
0.4
0.403614457831325
0.414457831325301
0.421686746987952
0.414457831325301
0.434939759036145
0.43855421686747
0.446987951807229
0.469879518072289
0.459036144578313
0.485542168674699
0.5
0.51566265060241
0.530120481927711
0.560240963855422
0.55421686746988
0.559036144578313
0.601204819277108
0.604819277108434
0.618072289156626
0.614457831325301
0.640963855421687
0.672289156626506
0.668674698795181
0.695180722891566
0.710843373493976
0.744578313253012
0.750602409638554
0.773493975903614
0.775903614457831
0.750602409638554
0.744578313253012
0.771084337349398
0.780722891566265
0.797590361445783
0.806024096385542
0.818072289156627
0.833734939759036
0.851807228915663
0.860240963855422
0.863855421686747
0.853012048192771
0.860240963855422
0.867469879518072
0.891566265060241
0.891566265060241
0.890361445783132
0.880722891566265
0.889156626506024
0.892771084337349
0.889156626506024
0.891566265060241
0.892771084337349
0.892771084337349
0.930120481927711
0.924096385542169
0.920481927710843
0.925301204819277
0.920481927710843
0.918072289156627
0.924096385542169
0.913253012048193
0.924096385542169
0.934939759036145
0.920481927710843
0.928915662650602
0.932530120481928
0.934939759036145
0.940963855421687
0.925301204819277
0.937349397590361
0.951807228915663
0.956626506024096
0.956626506024096
0.953012048192771
0.949397590361446
0.96144578313253
0.95421686746988
0.959036144578313
0.968674698795181
0.97710843373494
0.979518072289157
0.98433734939759
0.97710843373494
0.986746987951807
0.987951807228916
0.993975903614458
0.992771084337349
0.990361445783133
0.989156626506024
