0
0.2
0.204819277108434
0.225301204819277
0.244578313253012
0.267469879518072
0.27710843373494
0.313253012048193
0.346987951807229
0.355421686746988
0.386746987951807
0.410843373493976
0.443373493975904
0.453012048192771
0.466265060240964
0.466265060240964
0.514457831325301
0.518072289156627
0.542168674698795
0.549397590361446
0.559036144578313
0.595180722891566
0.637349397590361
0.666265060240964
0.690361445783133
0.701204819277108
0.725301204819277
0.765060240963855
0.796385542168675
0.804819277108434
0.830120481927711
0.834939759036145
0.860240963855422
0.85421686746988
0.85421686746988
0.869879518072289
0.88433734939759
0.891566265060241
0.902409638554217
0.9
0.903614457831325
0.901204819277108
0.907228915662651
0.908433734939759
0.906024096385542
0.932530120481928
0.931325301204819
0.926506024096385
0.933734939759036
0.940963855421687
0.939759036144578
0.930120481927711
0.927710843373494
0.927710843373494
0.913253012048193
0.926506024096385
0.927710843373494
0.936144578313253
0.951807228915663
0.957831325301205
0.959036144578313
0.96144578313253
0.963855421686747
0.981927710843373
0.983132530120482
0.985542168674699
0.990361445783133
0.997590361445783
1
1
1
1
1
1
1
1
1
1
1
1
1
1
1
1
1
1
1
1
1
1
1
1
1
