0
0.2
0.249397590361446
0.306024096385542
0.4
0.503614457831325
0.589156626506024
0.695180722891566
0.763855421686747
0.833734939759036
0.87710843373494
0.897590361445783
0.93855421686747
0.956626506024096
0.953012048192771
0.955421686746988
0.960240963855422
0.969879518072289
0.97710843373494
0.98433734939759
0.989156626506024
0.993975903614458
0.996385542168675
0.996385542168675
1
1
1
1
1
1
1
1
1
1
1
1
1
1
1
1
1
1
1
1
1
1
1
1
1
1
1
1
1
1
1
1
1
1
1
1
1
1
1
1
1
1
1
1
1
1
1
1
1
1
1
1
1
1
1
1
1
1
1
1
1
1
1
1
1
1
1
1
1
