0
0.2
0.251807228915663
0.332530120481928
0.418072289156627
0.519277108433735
0.575903614457831
0.672289156626506
0.726506024096386
0.797590361445783
0.836144578313253
0.88433734939759
0.91566265060241
0.933734939759036
0.96144578313253
0.957831325301205
0.967469879518072
0.974698795180723
0.98433734939759
0.986746987951807
0.987951807228916
0.993975903614458
0.993975903614458
0.996385542168675
0.998795180722892
1
1
1
1
1
1
1
1
1
1
1
1
1
1
1
1
1
1
1
1
1
1
1
1
1
1
1
1
1
1
1
1
1
1
1
1
1
1
1
1
1
1
1
1
1
1
1
1
1
1
1
1
1
1
1
1
1
1
1
1
1
1
1
1
1
1
1
1
