0
0.5
0.540963855421687
0.578313253012048
0.587951807228916
0.620481927710843
0.636144578313253
0.680722891566265
0.708433734939759
0.760240963855422
0.778313253012048
0.796385542168675
0.806024096385542
0.821686746987952
0.819277108433735
0.808433734939759
0.830120481927711
0.819277108433735
0.819277108433735
0.824096385542169
0.839759036144578
0.866265060240964
0.874698795180723
0.859036144578313
0.879518072289157
0.88433734939759
0.902409638554217
0.918072289156627
0.928915662650602
0.93855421686747
0.946987951807229
0.953012048192771
0.967469879518072
0.974698795180723
0.980722891566265
0.986746987951807
0.983132530120482
0.981927710843373
0.986746987951807
0.992771084337349
0.989156626506024
0.995180722891566
0.997590361445783
0.997590361445783
1
1
1
1
1
1
1
1
1
1
1
1
1
1
1
1
1
1
1
1
1
1
1
1
1
1
1
1
1
1
1
1
1
1
1
1
1
1
1
1
1
1
1
1
1
1
1
1
1
