0
0.1
0.175903614457831
0.320481927710843
0.495180722891566
0.669879518072289
0.796385542168675
0.853012048192771
0.909638554216867
0.946987951807229
0.967469879518072
0.979518072289157
0.981927710843373
0.991566265060241
0.997590361445783
0.997590361445783
0.996385542168675
0.998795180722892
0.997590361445783
0.995180722891566
0.998795180722892
0.998795180722892
0.998795180722892
1
1
1
1
1
1
1
1
1
1
1
1
1
1
1
1
1
1
1
1
1
1
1
1
1
1
1
1
1
1
1
1
1
1
1
1
1
1
1
1
1
1
1
1
1
1
1
1
1
1
1
1
1
1
1
1
1
1
1
1
1
1
1
1
1
1
1
1
1
1
