0
0.2
0.239759036144578
0.286746987951807
0.298795180722892
0.348192771084337
0.340963855421687
0.348192771084337
0.373493975903614
0.410843373493976
0.412048192771084
0.416867469879518
0.440963855421687
0.475903614457831
0.506024096385542
0.531325301204819
0.527710843373494
0.585542168674699
0.610843373493976
0.608433734939759
0.625301204819277
0.67710843373494
0.701204819277108
0.709638554216868
0.736144578313253
0.745783132530121
0.771084337349398
0.806024096385542
0.818072289156627
0.842168674698795
0.836144578313253
0.82289156626506
0.825301204819277
0.842168674698795
0.851807228915663
0.871084337349398
0.887951807228916
0.895180722891566
0.887951807228916
0.879518072289157
0.881927710843374
0.881927710843374
0.902409638554217
0.903614457831325
0.914457831325301
0.912048192771084
0.916867469879518
0.918072289156627
0.930120481927711
0.934939759036145
0.953012048192771
0.963855421686747
0.981927710843373
0.98433734939759
0.987951807228916
0.989156626506024
0.991566265060241
0.990361445783133
0.987951807228916
0.98433734939759
0.980722891566265
0.980722891566265
0.985542168674699
0.985542168674699
0.986746987951807
0.990361445783133
0.987951807228916
0.987951807228916
0.986746987951807
0.985542168674699
0.98433734939759
0.979518072289157
0.979518072289157
0.981927710843373
0.983132530120482
0.97710843373494
0.974698795180723
0.978313253012048
0.98433734939759
0.98433734939759
0.98433734939759
0.986746987951807
0.98433734939759
0.985542168674699
0.981927710843373
0.986746987951807
0.98433734939759
0.980722891566265
0.983132530120482
0.987951807228916
0.991566265060241
0.992771084337349
0.993975903614458
