0
0.3
0.280722891566265
0.278313253012048
0.298795180722892
0.297590361445783
0.308433734939759
0.328915662650602
0.343373493975904
0.355421686746988
0.367469879518072
0.386746987951807
0.373493975903614
0.374698795180723
0.355421686746988
0.351807228915663
0.362650602409639
0.369879518072289
0.378313253012048
0.372289156626506
0.390361445783133
0.412048192771084
0.386746987951807
0.391566265060241
0.397590361445783
0.402409638554217
0.434939759036145
0.460240963855422
0.516867469879518
0.55421686746988
0.571084337349398
0.58433734939759
0.619277108433735
0.620481927710843
0.672289156626506
0.66144578313253
0.678313253012048
0.687951807228916
0.71566265060241
0.716867469879518
0.720481927710843
0.725301204819277
0.753012048192771
0.778313253012048
0.77710843373494
0.798795180722892
0.773493975903614
0.781927710843374
0.795180722891566
0.813253012048193
0.842168674698795
0.851807228915663
0.833734939759036
0.857831325301205
0.869879518072289
0.897590361445783
0.927710843373494
0.939759036144578
0.949397590361446
0.94578313253012
0.939759036144578
0.940963855421687
0.949397590361446
0.95421686746988
0.973493975903614
0.981927710843373
0.973493975903614
0.965060240963855
0.971084337349398
0.974698795180723
0.985542168674699
0.986746987951807
0.992771084337349
0.991566265060241
0.997590361445783
0.996385542168675
0.996385542168675
0.997590361445783
0.998795180722892
0.998795180722892
0.998795180722892
1
1
1
1
1
1
1
1
1
1
1
1
