0
0.2
0.26144578313253
0.324096385542169
0.42289156626506
0.481927710843373
0.540963855421687
0.639759036144578
0.687951807228916
0.719277108433735
0.779518072289157
0.789156626506024
0.843373493975904
0.875903614457831
0.891566265060241
0.909638554216867
0.931325301204819
0.94578313253012
0.95421686746988
0.965060240963855
0.962650602409639
0.965060240963855
0.969879518072289
0.980722891566265
0.981927710843373
0.98433734939759
0.995180722891566
0.995180722891566
0.996385542168675
0.996385542168675
0.995180722891566
0.990361445783133
0.995180722891566
0.998795180722892
1
1
1
1
1
1
1
1
1
1
1
1
1
1
1
1
1
1
1
1
1
1
1
1
1
1
1
1
1
1
1
1
1
1
1
1
1
1
1
1
1
1
1
1
1
1
1
1
1
1
1
1
1
1
1
1
1
1
1
