0
0.5
0.536144578313253
0.604819277108434
0.675903614457831
0.72289156626506
0.792771084337349
0.842168674698795
0.875903614457831
0.91566265060241
0.943373493975904
0.956626506024096
0.959036144578313
0.973493975903614
0.981927710843373
0.987951807228916
0.989156626506024
0.989156626506024
0.990361445783133
0.995180722891566
0.993975903614458
0.995180722891566
0.996385542168675
0.995180722891566
0.993975903614458
0.992771084337349
0.993975903614458
0.996385542168675
0.997590361445783
0.993975903614458
0.997590361445783
0.998795180722892
1
1
1
1
1
1
1
1
1
1
1
1
1
1
1
1
1
1
1
1
1
1
1
1
1
1
1
1
1
1
1
1
1
1
1
1
1
1
1
1
1
1
1
1
1
1
1
1
1
1
1
1
1
1
1
1
1
1
1
1
1
