0
0.2
0.201204819277108
0.21566265060241
0.234939759036145
0.253012048192771
0.26144578313253
0.303614457831325
0.333734939759036
0.359036144578313
0.387951807228916
0.455421686746988
0.466265060240964
0.512048192771084
0.544578313253012
0.555421686746988
0.578313253012048
0.585542168674699
0.612048192771084
0.637349397590361
0.674698795180723
0.691566265060241
0.681927710843373
0.708433734939759
0.736144578313253
0.774698795180723
0.756626506024096
0.786746987951807
0.801204819277108
0.796385542168675
0.846987951807229
0.86144578313253
0.871084337349398
0.902409638554217
0.913253012048193
0.92289156626506
0.931325301204819
0.940963855421687
0.953012048192771
0.956626506024096
0.962650602409639
0.96144578313253
0.957831325301205
0.971084337349398
0.973493975903614
0.972289156626506
0.971084337349398
0.972289156626506
0.972289156626506
0.968674698795181
0.978313253012048
0.979518072289157
0.983132530120482
0.990361445783133
0.991566265060241
0.992771084337349
0.995180722891566
0.997590361445783
0.997590361445783
0.997590361445783
0.997590361445783
0.997590361445783
0.996385542168675
0.998795180722892
0.998795180722892
1
1
1
1
1
1
1
1
1
1
1
1
1
1
1
1
1
1
1
1
1
1
1
1
1
1
1
1
