0
0.1
0.140963855421687
0.173493975903614
0.239759036144578
0.285542168674699
0.327710843373494
0.408433734939759
0.448192771084337
0.490361445783133
0.579518072289157
0.628915662650602
0.698795180722892
0.756626506024096
0.804819277108434
0.836144578313253
0.87710843373494
0.914457831325301
0.942168674698795
0.96144578313253
0.983132530120482
0.989156626506024
0.987951807228916
0.989156626506024
0.992771084337349
0.992771084337349
0.991566265060241
0.990361445783133
0.993975903614458
0.996385542168675
0.996385542168675
0.998795180722892
1
1
1
1
1
1
1
1
1
1
1
1
1
1
1
1
1
1
1
1
1
1
1
1
1
1
1
1
1
1
1
1
1
1
1
1
1
1
1
1
1
1
1
1
1
1
1
1
1
1
1
1
1
1
1
1
1
1
1
1
1
