0
0.2
0.231325301204819
0.263855421686747
0.309638554216867
0.351807228915663
0.355421686746988
0.412048192771084
0.463855421686747
0.525301204819277
0.542168674698795
0.563855421686747
0.614457831325301
0.669879518072289
0.689156626506024
0.733734939759036
0.772289156626506
0.818072289156627
0.842168674698795
0.851807228915663
0.887951807228916
0.898795180722892
0.897590361445783
0.904819277108434
0.927710843373494
0.934939759036145
0.927710843373494
0.942168674698795
0.934939759036145
0.943373493975904
0.965060240963855
0.971084337349398
0.972289156626506
0.975903614457831
0.981927710843373
0.989156626506024
0.987951807228916
0.992771084337349
0.993975903614458
0.995180722891566
0.993975903614458
0.996385542168675
0.998795180722892
1
1
1
1
1
1
1
1
1
1
1
1
1
1
1
1
1
1
1
1
1
1
1
1
1
1
1
1
1
1
1
1
1
1
1
1
1
1
1
1
1
1
1
1
1
1
1
1
1
1
