0
0.3
0.304819277108434
0.308433734939759
0.333734939759036
0.349397590361446
0.350602409638554
0.35421686746988
0.375903614457831
0.397590361445783
0.378313253012048
0.387951807228916
0.401204819277108
0.412048192771084
0.450602409638554
0.469879518072289
0.48433734939759
0.474698795180723
0.480722891566265
0.496385542168675
0.54578313253012
0.548192771084337
0.543373493975904
0.562650602409639
0.556626506024096
0.566265060240964
0.585542168674699
0.628915662650602
0.646987951807229
0.659036144578313
0.657831325301205
0.660240963855422
0.667469879518072
0.669879518072289
0.701204819277108
0.693975903614458
0.726506024096386
0.71566265060241
0.728915662650602
0.763855421686747
0.766265060240964
0.780722891566265
0.795180722891566
0.808433734939759
0.795180722891566
0.816867469879518
0.818072289156627
0.832530120481928
0.840963855421687
0.83855421686747
0.839759036144578
0.833734939759036
0.840963855421687
0.856626506024096
0.846987951807229
0.840963855421687
0.853012048192771
0.871084337349398
0.883132530120482
0.886746987951807
0.893975903614458
0.895180722891566
0.901204819277108
0.912048192771084
0.927710843373494
0.94578313253012
0.949397590361446
0.95421686746988
0.96144578313253
0.960240963855422
0.96144578313253
0.951807228915663
0.955421686746988
0.96144578313253
0.966265060240964
0.967469879518072
0.971084337349398
0.978313253012048
0.980722891566265
0.980722891566265
0.987951807228916
0.990361445783133
0.992771084337349
0.998795180722892
0.998795180722892
1
1
1
1
1
1
1
1
