0
0.2
0.243373493975904
0.246987951807229
0.249397590361446
0.267469879518072
0.293975903614458
0.336144578313253
0.362650602409639
0.371084337349398
0.379518072289157
0.37710843373494
0.404819277108434
0.442168674698795
0.478313253012048
0.509638554216867
0.563855421686747
0.608433734939759
0.633734939759036
0.655421686746988
0.662650602409639
0.689156626506024
0.721686746987952
0.742168674698795
0.767469879518072
0.791566265060241
0.796385542168675
0.816867469879518
0.839759036144578
0.859036144578313
0.869879518072289
0.901204819277108
0.902409638554217
0.91566265060241
0.926506024096385
0.937349397590361
0.942168674698795
0.96144578313253
0.966265060240964
0.971084337349398
0.979518072289157
0.975903614457831
0.979518072289157
0.980722891566265
0.973493975903614
0.980722891566265
0.990361445783133
0.990361445783133
0.995180722891566
0.995180722891566
0.993975903614458
0.991566265060241
0.989156626506024
0.985542168674699
0.980722891566265
0.979518072289157
0.981927710843373
0.985542168674699
0.993975903614458
0.990361445783133
0.992771084337349
0.993975903614458
0.997590361445783
0.996385542168675
0.996385542168675
1
1
1
1
1
1
1
1
1
1
1
1
1
1
1
1
1
1
1
1
1
1
1
1
1
1
1
1
