0
0.4
0.391566265060241
0.4
0.398795180722892
0.390361445783133
0.403614457831325
0.421686746987952
0.427710843373494
0.439759036144578
0.420481927710843
0.436144578313253
0.46144578313253
0.478313253012048
0.51566265060241
0.504819277108434
0.534939759036145
0.556626506024096
0.551807228915663
0.550602409638554
0.557831325301205
0.56144578313253
0.604819277108434
0.626506024096386
0.662650602409639
0.685542168674699
0.710843373493976
0.750602409638554
0.742168674698795
0.763855421686747
0.739759036144578
0.753012048192771
0.790361445783132
0.790361445783132
0.802409638554217
0.802409638554217
0.804819277108434
0.826506024096386
0.837349397590361
0.827710843373494
0.843373493975904
0.853012048192771
0.842168674698795
0.842168674698795
0.840963855421687
0.856626506024096
0.867469879518072
0.88433734939759
0.895180722891566
0.875903614457831
0.887951807228916
0.914457831325301
0.919277108433735
0.927710843373494
0.943373493975904
0.955421686746988
0.960240963855422
0.971084337349398
0.987951807228916
0.986746987951807
0.989156626506024
0.986746987951807
0.990361445783133
0.990361445783133
0.993975903614458
0.995180722891566
0.997590361445783
0.997590361445783
0.998795180722892
1
1
1
1
1
1
1
1
1
1
1
1
1
1
1
1
1
1
1
1
1
1
1
1
