0
0.2
0.232530120481928
0.246987951807229
0.291566265060241
0.349397590361446
0.398795180722892
0.46144578313253
0.549397590361446
0.608433734939759
0.686746987951807
0.724096385542169
0.760240963855422
0.806024096385542
0.814457831325301
0.83855421686747
0.867469879518072
0.886746987951807
0.912048192771084
0.928915662650602
0.957831325301205
0.969879518072289
0.97710843373494
0.979518072289157
0.981927710843373
0.987951807228916
0.990361445783133
0.991566265060241
0.992771084337349
0.995180722891566
0.997590361445783
0.998795180722892
1
1
1
1
1
1
1
1
1
1
1
1
1
1
1
1
1
1
1
1
1
1
1
1
1
1
1
1
1
1
1
1
1
1
1
1
1
1
1
1
1
1
1
1
1
1
1
1
1
1
1
1
1
1
1
1
1
1
1
1
1
