0
0.5
0.534939759036145
0.543373493975904
0.606024096385542
0.653012048192771
0.679518072289157
0.727710843373494
0.759036144578313
0.779518072289157
0.824096385542169
0.853012048192771
0.851807228915663
0.871084337349398
0.885542168674699
0.890361445783132
0.916867469879518
0.927710843373494
0.934939759036145
0.934939759036145
0.942168674698795
0.942168674698795
0.959036144578313
0.968674698795181
0.978313253012048
0.980722891566265
0.973493975903614
0.974698795180723
0.980722891566265
0.98433734939759
0.981927710843373
0.98433734939759
0.981927710843373
0.987951807228916
0.983132530120482
0.986746987951807
0.987951807228916
0.987951807228916
0.98433734939759
0.992771084337349
0.989156626506024
0.996385542168675
0.998795180722892
1
1
1
1
1
1
1
1
1
1
1
1
1
1
1
1
1
1
1
1
1
1
1
1
1
1
1
1
1
1
1
1
1
1
1
1
1
1
1
1
1
1
1
1
1
1
1
1
1
1
