0
0.2
0.285542168674699
0.414457831325301
0.574698795180723
0.697590361445783
0.826506024096386
0.869879518072289
0.908433734939759
0.943373493975904
0.965060240963855
0.983132530120482
0.991566265060241
0.993975903614458
0.996385542168675
0.997590361445783
0.995180722891566
0.997590361445783
0.998795180722892
0.997590361445783
0.998795180722892
0.998795180722892
1
1
1
1
1
1
1
1
1
1
1
1
1
1
1
1
1
1
1
1
1
1
1
1
1
1
1
1
1
1
1
1
1
1
1
1
1
1
1
1
1
1
1
1
1
1
1
1
1
1
1
1
1
1
1
1
1
1
1
1
1
1
1
1
1
1
1
1
1
1
1
