0
0.4
0.419277108433735
0.456626506024096
0.455421686746988
0.47710843373494
0.489156626506024
0.491566265060241
0.496385542168675
0.497590361445783
0.510843373493976
0.521686746987952
0.527710843373494
0.532530120481928
0.544578313253012
0.565060240963855
0.572289156626506
0.579518072289157
0.609638554216868
0.609638554216868
0.640963855421687
0.648192771084337
0.671084337349398
0.686746987951807
0.692771084337349
0.701204819277108
0.724096385542169
0.725301204819277
0.727710843373494
0.753012048192771
0.762650602409639
0.753012048192771
0.734939759036145
0.749397590361446
0.745783132530121
0.775903614457831
0.765060240963855
0.790361445783132
0.778313253012048
0.798795180722892
0.8
0.803614457831325
0.813253012048193
0.825301204819277
0.82289156626506
0.816867469879518
0.833734939759036
0.844578313253012
0.84578313253012
0.830120481927711
0.846987951807229
0.849397590361446
0.856626506024096
0.87710843373494
0.893975903614458
0.9
0.909638554216867
0.927710843373494
0.937349397590361
0.932530120481928
0.926506024096385
0.943373493975904
0.95421686746988
0.95421686746988
0.966265060240964
0.971084337349398
0.962650602409639
0.967469879518072
0.974698795180723
0.973493975903614
0.975903614457831
0.975903614457831
0.981927710843373
0.986746987951807
0.987951807228916
0.991566265060241
0.987951807228916
0.990361445783133
0.995180722891566
0.992771084337349
0.992771084337349
0.989156626506024
0.989156626506024
0.996385542168675
0.997590361445783
0.996385542168675
0.993975903614458
0.996385542168675
0.996385542168675
0.996385542168675
0.998795180722892
0.997590361445783
0.998795180722892
