0
0.1
0.134939759036145
0.191566265060241
0.236144578313253
0.339759036144578
0.418072289156627
0.506024096385542
0.603614457831325
0.708433734939759
0.765060240963855
0.801204819277108
0.821686746987952
0.860240963855422
0.895180722891566
0.928915662650602
0.955421686746988
0.969879518072289
0.973493975903614
0.974698795180723
0.978313253012048
0.983132530120482
0.989156626506024
0.996385542168675
0.997590361445783
1
1
1
1
1
1
1
1
1
1
1
1
1
1
1
1
1
1
1
1
1
1
1
1
1
1
1
1
1
1
1
1
1
1
1
1
1
1
1
1
1
1
1
1
1
1
1
1
1
1
1
1
1
1
1
1
1
1
1
1
1
1
1
1
1
1
1
1
