0
0.5
0.531325301204819
0.583132530120482
0.579518072289157
0.602409638554217
0.62289156626506
0.634939759036145
0.656626506024096
0.644578313253012
0.687951807228916
0.662650602409639
0.683132530120482
0.7
0.695180722891566
0.728915662650602
0.727710843373494
0.714457831325301
0.733734939759036
0.748192771084337
0.743373493975904
0.774698795180723
0.793975903614458
0.796385542168675
0.790361445783132
0.795180722891566
0.802409638554217
0.82289156626506
0.825301204819277
0.832530120481928
0.860240963855422
0.874698795180723
0.885542168674699
0.878313253012048
0.874698795180723
0.874698795180723
0.893975903614458
0.904819277108434
0.907228915662651
0.9
0.914457831325301
0.931325301204819
0.948192771084337
0.957831325301205
0.94578313253012
0.949397590361446
0.944578313253012
0.939759036144578
0.937349397590361
0.936144578313253
0.926506024096385
0.931325301204819
0.937349397590361
0.948192771084337
0.944578313253012
0.943373493975904
0.944578313253012
0.960240963855422
0.960240963855422
0.953012048192771
0.96144578313253
0.962650602409639
0.962650602409639
0.950602409638554
0.956626506024096
0.959036144578313
0.966265060240964
0.980722891566265
0.98433734939759
0.981927710843373
0.986746987951807
0.986746987951807
0.990361445783133
0.991566265060241
0.992771084337349
0.993975903614458
0.986746987951807
0.986746987951807
0.983132530120482
0.98433734939759
0.979518072289157
0.983132530120482
0.983132530120482
0.985542168674699
0.987951807228916
0.991566265060241
0.991566265060241
0.991566265060241
0.989156626506024
0.979518072289157
0.990361445783133
0.989156626506024
0.983132530120482
