0
0.5
0.534939759036145
0.568674698795181
0.631325301204819
0.671084337349398
0.709638554216868
0.76144578313253
0.781927710843374
0.798795180722892
0.813253012048193
0.844578313253012
0.863855421686747
0.874698795180723
0.889156626506024
0.887951807228916
0.910843373493976
0.925301204819277
0.925301204819277
0.93855421686747
0.956626506024096
0.971084337349398
0.983132530120482
0.974698795180723
0.986746987951807
0.991566265060241
0.996385542168675
1
1
1
1
1
1
1
1
1
1
1
1
1
1
1
1
1
1
1
1
1
1
1
1
1
1
1
1
1
1
1
1
1
1
1
1
1
1
1
1
1
1
1
1
1
1
1
1
1
1
1
1
1
1
1
1
1
1
1
1
1
1
1
1
1
1
