0
0.1
0.108433734939759
0.130120481927711
0.15421686746988
0.185542168674699
0.227710843373494
0.293975903614458
0.346987951807229
0.378313253012048
0.432530120481928
0.481927710843373
0.528915662650602
0.58433734939759
0.625301204819277
0.657831325301205
0.693975903614458
0.744578313253012
0.765060240963855
0.790361445783132
0.831325301204819
0.869879518072289
0.867469879518072
0.874698795180723
0.887951807228916
0.919277108433735
0.931325301204819
0.946987951807229
0.957831325301205
0.969879518072289
0.974698795180723
0.980722891566265
0.986746987951807
0.98433734939759
0.986746987951807
0.98433734939759
0.983132530120482
0.983132530120482
0.987951807228916
0.993975903614458
0.995180722891566
1
1
1
1
1
1
1
1
1
1
1
1
1
1
1
1
1
1
1
1
1
1
1
1
1
1
1
1
1
1
1
1
1
1
1
1
1
1
1
1
1
1
1
1
1
1
1
1
1
1
1
1
