0
0.3
0.325301204819277
0.38433734939759
0.433734939759036
0.516867469879518
0.58433734939759
0.633734939759036
0.683132530120482
0.730120481927711
0.774698795180723
0.849397590361446
0.887951807228916
0.901204819277108
0.912048192771084
0.918072289156627
0.924096385542169
0.948192771084337
0.962650602409639
0.979518072289157
0.985542168674699
0.995180722891566
0.998795180722892
1
1
1
1
1
1
1
1
1
1
1
1
1
1
1
1
1
1
1
1
1
1
1
1
1
1
1
1
1
1
1
1
1
1
1
1
1
1
1
1
1
1
1
1
1
1
1
1
1
1
1
1
1
1
1
1
1
1
1
1
1
1
1
1
1
1
1
1
1
1
