0
0.1
0.116867469879518
0.150602409638554
0.203614457831325
0.266265060240964
0.360240963855422
0.465060240963855
0.546987951807229
0.612048192771084
0.678313253012048
0.745783132530121
0.798795180722892
0.828915662650602
0.873493975903614
0.921686746987952
0.943373493975904
0.948192771084337
0.955421686746988
0.965060240963855
0.971084337349398
0.974698795180723
0.979518072289157
0.98433734939759
0.987951807228916
0.990361445783133
0.990361445783133
0.992771084337349
0.997590361445783
0.997590361445783
0.996385542168675
1
1
1
1
1
1
1
1
1
1
1
1
1
1
1
1
1
1
1
1
1
1
1
1
1
1
1
1
1
1
1
1
1
1
1
1
1
1
1
1
1
1
1
1
1
1
1
1
1
1
1
1
1
1
1
1
1
1
1
1
1
1
