0
0.2
0.231325301204819
0.259036144578313
0.307228915662651
0.359036144578313
0.381927710843374
0.443373493975904
0.48433734939759
0.524096385542169
0.571084337349398
0.602409638554217
0.619277108433735
0.646987951807229
0.706024096385542
0.732530120481928
0.733734939759036
0.763855421686747
0.769879518072289
0.795180722891566
0.842168674698795
0.867469879518072
0.883132530120482
0.908433734939759
0.904819277108434
0.906024096385542
0.921686746987952
0.931325301204819
0.950602409638554
0.95421686746988
0.951807228915663
0.96144578313253
0.967469879518072
0.967469879518072
0.972289156626506
0.97710843373494
0.978313253012048
0.973493975903614
0.989156626506024
0.989156626506024
0.995180722891566
0.995180722891566
0.992771084337349
0.997590361445783
1
1
1
1
1
1
1
1
1
1
1
1
1
1
1
1
1
1
1
1
1
1
1
1
1
1
1
1
1
1
1
1
1
1
1
1
1
1
1
1
1
1
1
1
1
1
1
1
1
