0
0.3
0.310843373493976
0.33855421686747
0.326506024096386
0.350602409638554
0.374698795180723
0.44578313253012
0.495180722891566
0.502409638554217
0.559036144578313
0.569879518072289
0.581927710843373
0.596385542168675
0.624096385542169
0.631325301204819
0.666265060240964
0.68433734939759
0.724096385542169
0.763855421686747
0.783132530120482
0.802409638554217
0.803614457831325
0.816867469879518
0.83855421686747
0.846987951807229
0.874698795180723
0.890361445783132
0.916867469879518
0.926506024096385
0.940963855421687
0.93855421686747
0.937349397590361
0.931325301204819
0.932530120481928
0.931325301204819
0.944578313253012
0.946987951807229
0.943373493975904
0.948192771084337
0.949397590361446
0.953012048192771
0.971084337349398
0.973493975903614
0.978313253012048
0.981927710843373
0.987951807228916
0.989156626506024
0.993975903614458
0.997590361445783
0.995180722891566
0.996385542168675
0.995180722891566
0.996385542168675
0.997590361445783
0.997590361445783
1
1
1
1
1
1
1
1
1
1
1
1
1
1
1
1
1
1
1
1
1
1
1
1
1
1
1
1
1
1
1
1
1
1
1
1
1
