0
0.5
0.489156626506024
0.501204819277108
0.497590361445783
0.530120481927711
0.587951807228916
0.614457831325301
0.630120481927711
0.62289156626506
0.633734939759036
0.648192771084337
0.66144578313253
0.653012048192771
0.646987951807229
0.665060240963855
0.691566265060241
0.698795180722892
0.708433734939759
0.739759036144578
0.755421686746988
0.771084337349398
0.793975903614458
0.783132530120482
0.804819277108434
0.812048192771084
0.824096385542169
0.832530120481928
0.816867469879518
0.802409638554217
0.806024096385542
0.828915662650602
0.836144578313253
0.826506024096386
0.827710843373494
0.831325301204819
0.833734939759036
0.839759036144578
0.842168674698795
0.848192771084337
0.865060240963855
0.85421686746988
0.857831325301205
0.846987951807229
0.86144578313253
0.867469879518072
0.873493975903614
0.86144578313253
0.875903614457831
0.883132530120482
0.891566265060241
0.903614457831325
0.902409638554217
0.890361445783132
0.886746987951807
0.891566265060241
0.910843373493976
0.936144578313253
0.931325301204819
0.918072289156627
0.924096385542169
0.936144578313253
0.93855421686747
0.939759036144578
0.953012048192771
0.953012048192771
0.962650602409639
0.967469879518072
0.968674698795181
0.979518072289157
0.974698795180723
0.989156626506024
0.996385542168675
0.996385542168675
0.998795180722892
0.998795180722892
0.998795180722892
1
1
1
1
1
1
1
1
1
1
1
1
1
1
1
1
