0.04
0.0555555555555556
0.05
0.0722222222222222
0.127777777777778
0.133333333333333
0.127777777777778
0.177777777777778
0.216666666666667
0.211111111111111
0.305555555555556
0.294444444444444
0.366666666666667
0.416666666666667
0.455555555555556
0.522222222222222
0.505555555555556
0.488888888888889
0.505555555555556
0.511111111111111
0.561111111111111
0.572222222222222
0.633333333333333
0.661111111111111
0.677777777777778
0.705555555555556
0.722222222222222
0.705555555555556
0.7
0.711111111111111
0.744444444444444
0.744444444444444
0.811111111111111
0.833333333333333
0.85
0.9
0.916666666666667
0.9
0.938888888888889
0.955555555555556
