0.05
0.0666666666666667
0.0888888888888889
0.0888888888888889
0.0611111111111111
0.0722222222222222
0.0722222222222222
0.0555555555555556
0.0666666666666667
0.122222222222222
0.127777777777778
0.205555555555556
0.166666666666667
0.211111111111111
0.25
0.311111111111111
0.316666666666667
0.333333333333333
0.344444444444444
0.344444444444444
0.372222222222222
0.405555555555556
0.427777777777778
0.416666666666667
0.461111111111111
0.472222222222222
0.505555555555556
0.555555555555556
0.611111111111111
0.627777777777778
0.672222222222222
0.683333333333333
0.727777777777778
0.772222222222222
0.794444444444444
0.85
0.883333333333333
0.905555555555556
0.916666666666667
0.894444444444444
