0.06
0.0444444444444444
0.0666666666666667
0.0555555555555556
0.0611111111111111
0.0777777777777778
0.127777777777778
0.15
0.144444444444444
0.183333333333333
0.183333333333333
0.15
0.155555555555556
0.205555555555556
0.233333333333333
0.233333333333333
0.283333333333333
0.283333333333333
0.361111111111111
0.416666666666667
0.444444444444444
0.494444444444444
0.45
0.472222222222222
0.472222222222222
0.566666666666667
0.588888888888889
0.65
0.638888888888889
0.677777777777778
0.711111111111111
0.794444444444444
0.811111111111111
0.855555555555556
0.838888888888889
0.877777777777778
0.894444444444444
0.927777777777778
0.905555555555556
0.894444444444444
