0.01
0.0277777777777778
0.0722222222222222
0.105555555555556
0.127777777777778
0.177777777777778
0.166666666666667
0.2
0.222222222222222
0.272222222222222
0.333333333333333
0.355555555555556
0.411111111111111
0.488888888888889
0.494444444444444
0.516666666666667
0.6
0.672222222222222
0.744444444444444
0.7
0.716666666666667
0.8
0.838888888888889
0.822222222222222
0.877777777777778
0.894444444444444
0.933333333333333
0.944444444444444
0.955555555555556
0.95
0.944444444444444
0.938888888888889
0.95
0.95
0.988888888888889
1
1
1
1
1
