0.08
0.1
0.111111111111111
0.122222222222222
0.144444444444444
0.205555555555556
0.194444444444444
0.222222222222222
0.272222222222222
0.311111111111111
0.316666666666667
0.311111111111111
0.322222222222222
0.355555555555556
0.388888888888889
0.405555555555556
0.405555555555556
0.45
0.527777777777778
0.555555555555556
0.605555555555556
0.616666666666667
0.661111111111111
0.733333333333333
0.716666666666667
0.744444444444444
0.75
0.788888888888889
0.838888888888889
0.894444444444444
0.894444444444444
0.944444444444444
0.955555555555556
0.966666666666667
0.966666666666667
0.977777777777778
0.961111111111111
0.944444444444444
0.977777777777778
0.988888888888889
