0.06
0.0944444444444444
0.105555555555556
0.0944444444444444
0.15
0.138888888888889
0.155555555555556
0.205555555555556
0.266666666666667
0.361111111111111
0.422222222222222
0.472222222222222
0.533333333333333
0.544444444444444
0.616666666666667
0.605555555555556
0.644444444444444
0.655555555555556
0.727777777777778
0.766666666666667
0.805555555555556
0.838888888888889
0.788888888888889
0.805555555555556
0.8
0.844444444444444
0.861111111111111
0.9
0.927777777777778
0.944444444444444
0.966666666666667
0.95
0.983333333333333
0.977777777777778
0.983333333333333
0.994444444444444
1
1
1
1
