0.05
0.0555555555555556
0.0833333333333333
0.105555555555556
0.127777777777778
0.188888888888889
0.233333333333333
0.311111111111111
0.338888888888889
0.377777777777778
0.377777777777778
0.383333333333333
0.438888888888889
0.505555555555556
0.583333333333333
0.655555555555556
0.672222222222222
0.716666666666667
0.738888888888889
0.777777777777778
0.838888888888889
0.816666666666667
0.822222222222222
0.805555555555556
0.811111111111111
0.861111111111111
0.861111111111111
0.905555555555556
0.905555555555556
0.883333333333333
0.911111111111111
0.938888888888889
0.922222222222222
0.95
0.977777777777778
0.977777777777778
0.977777777777778
0.977777777777778
0.994444444444444
1
