0.05
0.0388888888888889
0.0611111111111111
0.111111111111111
0.15
0.133333333333333
0.122222222222222
0.105555555555556
0.15
0.216666666666667
0.216666666666667
0.205555555555556
0.238888888888889
0.261111111111111
0.294444444444444
0.366666666666667
0.427777777777778
0.45
0.522222222222222
0.572222222222222
0.65
0.694444444444444
0.711111111111111
0.733333333333333
0.733333333333333
0.783333333333333
0.766666666666667
0.766666666666667
0.805555555555556
0.844444444444444
0.816666666666667
0.827777777777778
0.794444444444444
0.838888888888889
0.894444444444444
0.883333333333333
0.911111111111111
0.888888888888889
0.922222222222222
0.911111111111111
