0.03
0.0166666666666667
0.0166666666666667
0.0277777777777778
0.0277777777777778
0.05
0.0611111111111111
0.0722222222222222
0.0555555555555556
0.0666666666666667
0.0722222222222222
0.0888888888888889
0.122222222222222
0.127777777777778
0.138888888888889
0.127777777777778
0.105555555555556
0.105555555555556
0.111111111111111
0.172222222222222
0.222222222222222
0.227777777777778
0.316666666666667
0.372222222222222
0.361111111111111
0.377777777777778
0.433333333333333
0.527777777777778
0.561111111111111
0.605555555555556
0.666666666666667
0.711111111111111
0.711111111111111
0.761111111111111
0.844444444444444
0.872222222222222
0.911111111111111
0.938888888888889
0.911111111111111
0.944444444444444
