0.02
0.0388888888888889
0.05
0.0444444444444444
0.0555555555555556
0.05
0.0722222222222222
0.0777777777777778
0.0888888888888889
0.116666666666667
0.122222222222222
0.172222222222222
0.194444444444444
0.261111111111111
0.288888888888889
0.288888888888889
0.333333333333333
0.411111111111111
0.522222222222222
0.561111111111111
0.577777777777778
0.627777777777778
0.616666666666667
0.622222222222222
0.588888888888889
0.622222222222222
0.655555555555556
0.633333333333333
0.638888888888889
0.633333333333333
0.711111111111111
0.738888888888889
0.777777777777778
0.783333333333333
0.761111111111111
0.816666666666667
0.855555555555556
0.922222222222222
0.944444444444444
0.938888888888889
